79501
729759
81399
26683
148398
83756
441869
643965
8510
163688
2563
388585
100287898
140625
63976
148870
55966
390992
80835
10911
3604
155184
1325
148345
10747
10218
374946
4878
4879
943
343066
126767
93190
390999
65121
440560
343069
65122
400735
343071
391002
441871
440561
343068
343070
653619
729528
400736
645414
391003
645425
391004
126755
10630
11330
63036
51032
388595
27129
1187
374955
11223
23569
353238
81569
84966
5081
80834
3362
30814
5320
5322
26279
64600
391013
127731
163933
401944
23436
10136
712
714
713
259283
1269
6007
2134
7780
84676
79927
378807
1043
257101
79727
8431
8547
388611
2268
4985
4146
79570
3061
149069
252995
114784
127540
84970
2701
27285
1441
2899
284654
5453
26292
81025
26508
84618
51440
127391
2981
2980
149461
440585
7075
128209
541468
148930
374973
1579
199974
284541
6886
84871
79656
1996
284546
112970
440590
127435
6512
63948
148979
1733
200008
338094
374977
7809
731
732
1600
127795
54596
163782
27329
148581
84251
200132
10022
400757
6121
57554
5733
100526835
51086
431707
4438
127247
26289
58511
255631
9635
1179
388646
343472
164045
676
388649
54112
1901
118427
1301
279
276
278
277
148545
653149
163479
254268
127003
57535
343263
284612
83873
2780
2949
257
164153
84432
3744
3737
3738
963
27159
140
3752
148281
270
6847
7252
4803
845
4808
126868
914
51179
3284
3283
3158
83998
343505
11085
2210
644591
653598
653505
11126
200030
2702
2703
728945
645142
730262
2209
9900
79630
84072
79626
11189
284485
339398
284486
126637
7062
126638
388697
2312
388698
49860
254910
54544
353145
84648
353144
353143
353142
353141
353140
26239
353139
199834
100129271
448834
353137
353135
353134
353133
353132
353131
448835
4184
163778
6699
6700
6701
6704
6705
6706
149018
574414
114771
57115
6283
6279
338324
6278
6276
91181
89872
126669
126668
1141
3782
5313
100527963
632
391104
164118
60484
63827
4914
3645
149499
440695
83416
83417
115350
922
909
911
910
913
128360
391107
391109
343406
391112
128366
128367
128368
81448
391114
128371
128372
81442
4332
149628
9447
57863
2205
441911
26476
127385
343413
56833
89886
3766
3765
477
480
844
8832
6504
962
4063
51744
55600
142683
9507
336
9970
654790
2212
2214
2215
2213
4921
4009
6258
440699
84944
92235
92241
6846
6375
1805
6403
6401
149281
80133
2328
2327
2326
4653
356
8995
284525
339416
462
9293
63923
7143
60676
460
84066
126859
7827
163589
148753
89884
57710
777
127665
127670
353299
85397
81626
403314
83872
10216
64407
431704
5996
6003
8707
10878
3078
10877
3080
81494
2165
23418
127124
2848
779
647219
91156
7135
25802
5778
59352
127833
4656
4608
1116
1118
5549
26254
54900
3814
23114
6900
55220
553
647135
83953
1378
1379
57172
80342
3756
343035
149647
3142
79802
7044
83881
339501
89780
58
10753
440730
57829
56776
64388
128025
440738
200159
127623
441932
81472
148823
81470
81469
441933
343169
26188
284532
391189
25893
343171
343172
284521
391190
391191
81466
26246
391192
127059
391194
127062
26245
391195
127064
391196
127066
127074
254879
26696
401992
343173
401993
391211
343563
127068
127069
127077
403244
403239
401994
646627
91734
105
51806
810
10659
83643
221044
644890
55301
8516
389941
4360
221074
783
84898
340900
100532731
9576
256297
219670
57512
2572
374308
84569
119180
219770
91074
100288485
5979
53828
6387
643236
79290
653145
728113
100133093
644054
5949
2658
2662
143162
57705
474354
196740
170370
118461
644168
1103
6572
282966
56624
29974
4153
65217
100463289
84457
220965
219623
29119
347731
50674
64106
4838
5551
140766
219793
64072
414152
170392
84647
58529
79933
338599
3778
653509
6441
219348
4143
143241
84332
387694
387695
92211
340745
26103
5995
94233
11155
119385
142910
8513
643414
643418
340654
439996
3363
340665
5146
9211
387707
1791
93377
55118
60495
159296
1369
9033
5076
3195
10660
2253
5309
1586
57412
255022
22986
114815
282996
6975
3026
4892
56165
2674
374355
119548
5406
5407
5408
143379
11023
338567
6571
2018
2834
387715
399814
50624
118670
340784
3167
2849
119587
390010
387718
118856
8038
118611
594857
399823
253738
256536
282973
84504
8433
27287
50632
93426
441581
100288687
147199
113746
171389
387733
6343
51286
4583
440021
387266
387267
439915
440023
7140
723961
3481
3630
7054
430
29125
10077
29850
386746
116534
116969
417
143496
119774
390036
119772
143502
390037
390038
143503
81285
256892
119695
119694
119692
401665
119687
81282
79324
401666
401667
56547
119682
119679
119678
390054
23538
283111
3043
3045
3047
3048
3046
79339
79345
282763
390058
390059
390061
390063
390064
390066
50613
143630
390067
340980
445372
53840
387748
390072
390075
79473
390078
390079
390081
390083
390084
338751
120793
120796
196335
255725
120787
160298
887
338755
144125
8590
144124
341276
283297
120776
120775
338323
27288
143425
283298
341277
120065
120066
390093
26496
338322
79608
4004
56673
56676
57758
100463486
10894
10335
5741
10418
387755
6833
4654
3746
7166
117195
117196
100528017
160287
283284
84867
259249
117194
8048
120237
9152
4745
57084
100500938
63982
143662
159963
387758
8424
3739
2488
744
341019
493860
2001
6506
25891
5897
57689
390110
60529
1132
6688
399888
114900
119765
119764
390113
256148
256144
403257
403253
283116
646754
283092
283093
81318
119749
79097
81327
81328
81309
219428
219429
81300
219431
390142
219436
219437
219438
26338
390144
84767
390148
10798
282770
338674
219447
120586
390151
390152
81168
219453
282775
219464
390154
390155
219469
219473
390157
219477
504189
219417
219479
390162
219482
219484
219487
390167
390168
338675
219493
390174
504191
283189
390181
219527
187
5024
10394
219537
643376
219956
219952
219954
219957
219958
219959
219960
81341
219965
441608
390190
390191
219968
1270
10249
219972
390195
219981
219982
219983
390197
219986
390199
390201
932
2206
64231
51338
245802
58475
84689
64232
931
54860
503497
219995
341116
22917
921
643834
643847
5222
390205
10648
4246
10647
4250
404552
7356
2785
1128
9356
9376
283238
387601
387775
114571
85329
283248
50801
55867
116085
9379
170589
29907
10004
387778
254122
1521
254187
89792
254263
57124
266743
89
100526737
254439
374403
390212
51475
347853
116512
2249
2248
440050
57830
3846
387273
440051
245911
2352
2350
401
283208
25884
341152
4135
80168
192134
4975
220032
100532726
7069
26011
220382
1740
220388
220047
60494
7299
50507
219595
390231
57093
642446
120146
642612
642623
4544
390245
53942
5241
7225
253935
9313
64066
4317
4319
4321
4322
414301
100506742
838
440068
59082
2893
2977
55531
6588
54734
399947
57569
5450
54766
399949
3316
91894
56158
1813
644672
9177
7704
120400
54827
120406
23705
116519
337
345
335
100533181
6330
6327
916
915
917
643
283150
64137
79849
114902
83552
7070
2900
219899
7007
414899
56253
390259
79827
390260
390261
338661
338662
219875
219874
219873
390264
219870
219869
390265
26494
219865
283159
283160
26595
390271
283162
26493
219858
390275
116337
23584
54538
641654
220296
63876
56
160065
399967
100169851
399968
29118
3758
3762
50863
4978
219938
83700
112937
27087
440073
654429
775
83714
56341
894
8074
2251
3742
3736
3741
4908
57101
7450
939
196500
3902
920
27239
2784
341392
9332
9573
359787
170482
360030
79923
144195
6515
719
440077
93978
338339
8076
5858
3820
160365
100431172
387836
160364
51266
387837
283420
51267
4973
120939
22914
8302
3823
3822
3821
50837
50836
50835
50839
5554
5554
50838
5555
259296
259292
259289
259293
353164
5544
5545
5542
653247
55507
2984
420
5149
5800
729025
55885
89869
93661
53919
6579
3375
2998
10060
6489
6660
196415
4033
55259
728858
100287284
341350
441631
225
283461
1272
29951
80070
4753
440097
8909
1280
121275
23519
121273
341568
3906
85478
7471
50846
23017
359
121006
283471
613227
51411
401720
341405
94
3891
3890
3888
9119
286887
3853
3852
112802
121391
140807
319101
3849
3848
374454
51350
3850
3851
8435
121340
269
3229
3228
3227
3224
3222
53831
3071
5153
5502
90070
117159
118430
9840
58158
441639
121364
254783
283365
390321
254786
390323
403282
390326
341416
390327
403284
341418
121129
121130
4327
319
4284
121214
11318
6866
3626
64333
3798
65012
11197
376132
121278
3747
256710
374462
4618
4617
79611
8499
55117
144448
4922
160419
100528030
196477
1833
11081
1634
120935
56899
196472
246213
121599
4604
50511
5367
3479
429
374470
55576
83468
5992
121549
9671
1240
338773
1610
55530
121643
283446
160762
4633
23316
22895
1840
10993
64211
6910
8739
4842
84530
160777
387890
5319
5027
338442
8843
196385
114795
92293
144423
121256
11211
9271
100507055
22953
647589
7278
93492
10804
2254
6445
387911
338872
56163
219287
51761
2835
6144
219409
2322
2321
23281
241
122046
122042
646799
4081
54937
100526761
728591
8900
400120
122011
10631
7223
161003
144809
387923
386618
283514
1361
3356
57105
115761
283518
220107
647174
83446
341676
5100
122183
729240
729250
729246
729233
27253
64881
57626
1602
1910
114798
84189
26050
2262
10082
1638
11166
266722
140432
2841
1880
9358
196541
643677
6555
267012
23026
1282
6656
122258
2155
2159
8858
496
6011
348013
440153
404785
641455
79334
441669
441670
390429
390431
79317
79544
81127
122740
390433
122742
390436
390437
390439
122748
390442
123103
338879
390443
122651
493901
341799
10876
64184
6039
6037
6036
29986
122664
440163
84659
122665
390445
57096
26533
26534
26686
122706
1053
100529063
10278
116173
4624
4625
84502
728635
9362
283629
100528064
1215
1511
2999
3002
4857
2290
2856
64067
84684
161198
145581
84075
140801
161357
145447
54331
5729
387332
5015
341880
387990
51339
729665
6252
341883
317761
4990
27133
122876
2100
6710
100529261
161142
56936
6554
6547
100529257
8748
9628
399671
641372
338917
55237
646658
283571
283576
58157
9369
7253
23768
8477
54207
8111
123041
1113
341947
145270
90050
51156
256394
327657
145264
145258
9623
8115
84439
10858
283600
8788
647286
374569
26153
400258
388021
122618
727832
100996331
390538
283694
283767
653061
7681
54551
4692
23742
6638
8926
57194
2562
2558
2567
4948
283768
100132565
321
23359
653075
89832
4308
161725
26585
6263
1133
57369
70
145942
100131244
644844
54567
161829
8681
100137049
283748
2038
9333
116179
161497
548596
25764
140691
9153
80031
283652
399697
6557
2252
79895
3067
373509
388121
1588
342035
29106
10017
3175
145781
366
92483
27023
123264
51285
390594
8483
9543
84465
390598
22801
246777
196993
10002
60677
338949
55889
123346
10021
161514
342096
57611
3671
80125
1544
79748
594855
653641
653643
1464
9051
646892
23205
1136
1143
390616
342125
647042
6218
123722
53346
646
123624
4916
176
6017
56964
8128
145814
204219
390648
390649
26682
3050
3042
3040
3039
3049
51764
6755
390664
8912
25823
64499
7177
23430
390667
79652
254528
64711
6123
146310
4917
752014
360226
10942
84891
4210
4993
100463285
646174
197358
6345
100529144
342346
146556
54715
283953
146279
7142
58531
5620
5619
608
55313
729993
4629
728276
124274
2813
7369
204474
54988
123876
348158
7783
10261
255762
6340
6338
63928
5579
10368
115584
343
9951
162083
146395
728689
8663
552900
654483
79008
548593
445329
6818
6693
283897
653808
146378
3683
493829
260434
3681
1339
51327
729264
729355
24150
653550
94160
85320
869
123970
23090
124460
6299
388276
79190
84290
6530
107987423
221223
84560
4504
4499
4489
4490
4496
6559
1071
6361
374739
221191
1006
1009
1003
100529251
766
1014
283848
283849
181
64180
64174
146456
283971
6898
342372
3240
3250
440387
1504
85445
170692
57687
10143
83657
1012
146167
123872
161931
93107
339145
2294
763
390748
863
1013
1800
11105
8447
727857
8578
5176
146760
3090
8386
4991
8390
26189
8383
4995
4994
8387
8392
8388
84690
443
5023
342527
246
1145
2811
124961
9098
388325
22861
23302
23746
162517
83659
239
124944
255877
162515
10462
433
339168
57048
374768
643664
407977
1973
6462
482
3000
247
22899
146852
643904
146849
388333
162387
146850
23533
9340
5957
8735
4626
4622
4619
4620
388335
644139
388336
93649
9955
146822
64518
284040
100533496
353149
57336
23495
51655
80039
254272
10517
125206
10750
400581
4239
55244
146802
256223
3768
100134444
100462977
4843
645832
7448
9058
8456
124925
9220
1411
6532
388364
4974
2124
2123
124912
40
6354
6356
6355
6357
6346
54752
146862
146861
55106
342618
246176
146853
79148
57151
6360
6358
6359
6368
6362
6348
6351
414059
6349
6349
9560
414060
729877
101060321
284099
729873
84218
388381
494188
57125
390790
342667
4761
124626
1236
125113
147183
353288
342574
162605
125115
85293
83897
83896
83895
728255
81850
81872
728279
85294
100132476
728224
100132386
653240
83755
81871
85289
84616
85290
85291
85285
728318
83899
83900
83901
85280
81870
100533177
100505753
83902
3883
3884
3885
8688
8687
3882
3886
8689
3857
2520
317719
94086
23415
65266
124817
2538
100885850
80755
113277
4222
50964
146894
5539
5697
92591
6521
51751
2670
124783
162540
246744
51326
7484
388394
4635
30009
3211
2695
2793
51225
162466
11248
255061
1747
6442
1101
8913
124857
654364
56934
84643
55273
162282
26689
124538
8288
4025
4353
124535
56155
22843
124773
9496
146779
81033
1443
2689
1442
1444
2688
974
6329
5175
8787
8313
27091
10351
10350
23460
10349
3759
54549
64446
124602
388419
350383
124599
10871
100131439
146723
342510
146722
2905
283985
124590
92736
347741
100134934
1018
353174
15
114757
768206
100141515
283999
146713
339221
5148
2642
116729
256933
255275
924
400629
2837
79755
81035
1068
116
23136
645369
79822
284217
339291
84203
1149
753
4161
4158
388468
374860
64693
59340
25925
143471
1823
1828
147409
147407
4225
57565
374864
8715
6014
6860
8170
6563
125336
29906
201501
100526842
5596
83876
1630
147323
284254
284257
51046
115701
2922
30062
339302
4160
28316
89777
5275
89778
5273
1005
220164
10666
147381
81832
644041
84735
2587
27164
26251
81099
51298
284451
8174
3004
27006
400668
566
5657
1991
84634
116444
126520
126306
645191
360200
80032
126326
84839
4145
23217
85300
27231
56961
126259
645432
148066
257062
2527
81616
125981
79958
970
284428
653656
125997
653657
126006
56729
2208
339390
30835
10332
6370
84106
284382
284383
85509
125963
390882
125962
390883
162998
125958
26648
100529215
7730
147741
50700
692312
3386
255809
26526
1995
126069
729747
284391
7568
90589
54831
83546
10661
199699
117579
388512
26664
26659
390892
26333
26658
6511
126402
23581
126370
64926
114770
126410
11283
26538
26532
284433
126541
117286
125972
9002
83878
83483
115861
3640
3718
6528
3780
126364
1311
2657
4207
1463
404037
53345
91120
90649
199777
7757
163223
100287226
148198
57615
7652
388523
342865
9745
57616
91646
11136
56301
64377
284402
148109
57817
4099
2864
2865
388533
374897
26330
495
27033
4868
10870
7305
1346
284406
390927
163115
83889
115727
3963
342898
282617
101180976
282616
9535
29124
148003
56891
1178
342900
53916
1549
1572
1089
1084
147719
63946
478
2901
1088
5671
440533
5669
5675
5676
5680
5670
5673
83639
56269
125931
147710
388551
346
344
90332
1158
2828
81492
339345
4858
8993
444882
388555
147920
374918
64344
83987
94235
27202
6543
84215
284355
1406
6822
100131137
64100
56344
163071
23546
2906
171169
284359
26291
7288
3972
114336
114335
3743
3270
951
27120
147872
113091
57030
60385
114132
400709
126123
4606
554235
94030
84258
50944
2854
55554
354
3817
9622
43849
26085
27180
27036
945
284369
402665
4818
3982
89790
27181
729767
89858
946
8778
100049587
3036
2357
2358
2359
162963
400713
84436
147658
147660
388558
55762
100529240
147664
100271846
55786
84671
79788
342926
317701
317703
126017
503834
59284
284415
441864
11025
79168
10990
10288
11026
353514
23547
3903
3904
11027
11024
10859
11006
115653
3804
3802
3805
3811
3809
3812
2204
9437
199713
284418
147744
729956
284297
646643
338321
342931
204801
147945
126204
126205
126206
85569
342933
63934
57573
140612
147670
90485
23619
5178
57663
114026
503835
284307
201516
7710
284312
7694
1
7691
3803
3813
57292
553128
3810
3808
3802
100132285
54221
7173
7837
23040
78989
55821
6664
245973
3754
130813
23620
729475
7447
343930
100526794
93034
151449
338
388931
653140
5443
9381
130106
3777
84696
150921
285126
238
58484
5212
391365
100271715
344387
6496
388946
56660
286749
11036
3973
2492
9378
388951
129852
25927
5341
10887
27302
200504
56287
344018
165530
50489
79998
2016
344022
1961
9027
51471
388960
72
83444
3196
165545
130951
6869
80059
130120
5968
5967
5068
1496
347730
284948
6439
10578
100526767
926
729857
400966
5342
5343
2168
344167
200523
150483
653192
129868
150763
431705
90342
51252
7535
200403
1261
254773
3899
129521
731220
389015
5455
11250
653489
84620
285190
60482
442038
27233
10913
344558
84220
729540
96626
727851
200350
57628
8685
165257
129684
2995
4648
2840
84084
112714
653275
55997
344561
205147
113457
554226
80122
80731
53353
55843
785
114805
3760
57471
9595
100526664
10716
2641
2191
6328
6323
6332
129446
57818
1745
100131390
1134
344191
3239
3237
3236
3235
3234
3233
3232
3231
7273
285025
4760
91752
401024
151112
1281
2660
23671
401027
100529241
130132
66037
5334
316
58538
65061
940
1493
29851
2825
57683
391475
130749
1421
1420
1419
1418
389073
285175
4632
402117
7141
285180
3579
3577
53632
7475
54738
80086
5798
389075
1674
5077
79843
57624
79853
56918
80309
9290
130560
3357
10316
4880
248
646960
1144
1146
80303
3769
4759
3635
6295
54576
54600
54577
54579
54657
54659
414061
6694
401036
79781
1293
51052
375316
117581
389090
150681
150677
653437
375318
189
64090
5133
245938
81623
140850
245939
140881
400830
6939
85508
343637
642636
27111
128646
5173
7053
343641
117532
128653
100288797
2797
5020
551
64096
80332
6614
116835
146
23627
128674
54363
140862
80343
56914
5126
140836
140856
3642
644524
4821
5075
6754
22918
128817
140880
10047
128821
128822
1470
1473
92086
79953
8530
30813
245929
245930
117285
245932
245934
245936
245937
28954
84701
2307
164395
343702
3055
284805
140732
80341
128859
359710
149954
140683
128861
51297
128864
434
128876
8200
140873
140894
84174
2691
4826
671
3929
149685
140679
11122
149699
84969
78997
140902
149708
128488
6406
6407
11317
27296
10816
140870
100526773
57119
90199
259240
140832
259239
280664
164237
391253
64405
55713
128506
3745
387522
128553
140689
4159
140687
200232
388799
655
23626
100462983
140690
5105
128602
164284
81027
128611
1908
1002
11255
4923
128408
128414
57642
1137
3785
6725
8771
140701
54345
2832
7179
85319
317754
149998
140578
5651
4685
58494
116159
11096
2897
26285
643803
100131902
388818
643812
337963
337959
140258
337960
284827
254950
337882
337969
337970
337971
337972
337973
337974
100288287
337968
337967
337979
337966
337975
100151643
337976
337985
100288323
337978
337977
337879
337878
337880
728299
56246
140290
56245
10215
116448
9992
3753
3763
2078
150084
5121
1826
89766
7033
7032
53347
1409
29947
326
7226
54084
386677
386679
386682
386672
386680
386674
386675
386681
386676
353333
386678
386684
386683
353323
353332
386685
6285
23784
81061
150160
150165
128954
23617
2928
7122
2812
6899
3053
150221
440804
7441
129025
91227
100423062
3543
266747
150248
653689
2687
51733
440822
255349
1415
84700
23544
1414
1413
25770
5988
4744
150280
5008
266629
730005
50487
25775
150297
6527
10738
254240
8224
91464
80831
10369
5816
1439
339669
6753
8484
6663
23539
3761
200315
164668
150350
9402
2847
150353
27254
1565
758
150379
64098
553158
23779
112885
7380
10343
23209
54456
644186
1375
1120
49
27255
152330
2917
51066
859
375323
100526693
115795
491
6538
6529
6854
23066
80852
152273
117248
1618
151649
79750
116135
339896
131405
1233
10777
85443
3680
9390
6336
11280
165904
1524
1237
4336
885
131375
131377
57467
1582
389114
375337
10803
10663
2829
1232
729230
1234
4057
83597
79442
6997
29122
4634
820
646424
285231
440955
339834
389118
2779
9254
2912
440956
401067
389123
389124
132141
118442
100526760
23166
3699
55799
57408
7474
26059
142686
1776
11170
55079
8618
132203
132200
56203
60675
23024
5067
100288801
6092
5449
200959
81050
26341
403273
403274
79295
79310
403278
403277
26339
402135
2838
84692
84666
50852
9626
27136
151871
55211
10225
29114
257144
285335
4345
151888
344807
131450
91653
54847
1814
7634
201633
2596
51365
64091
9515
503582
51725
1475
54437
54763
152065
165721
2815
100534599
6010
7200
256076
131873
66000
8419
6578
339855
8403
51146
347736
729627
389151
389152
5948
64084
287015
92369
389158
84107
1360
1359
389161
7401
29909
9934
53829
64805
344752
56670
344758
654502
29970
29970
131149
6476
22865
79740
5276
151827
344657
344658
57709
389177
2693
83893
10242
51555
339829
89857
200909
170572
285242
7066
8646
285382
3273
3827
9370
132112
6750
344892
8626
344901
152138
344905
1370
131578
2814
347
200931
116211
654254
5158
285498
3083
133060
27065
54360
55351
132884
2121
1400
152789
57537
768239
94031
27201
3166
100287144
100287178
100287441
100287364
100287205
100287478
100287238
100288520
100287327
100287404
100287513
728373
728419
728386
728369
728379
728405
728393
728400
1816
56606
85460
116449
579
114905
83888
9079
645104
27146
80333
886
401124
10744
81793
399
55584
8929
389206
152573
10396
389207
386617
285525
2565
2555
170712
2557
326340
80157
132671
170825
5156
3815
3791
132954
100506564
253017
2044
26228
2798
9407
339967
389208
132724
7367
7365
10720
54490
7363
574537
10941
1446
1447
6779
3347
3346
85438
26952
10879
4589
401138
258
213
174
173
5197
255324
5470
100631383
339965
10563
84779
2712
2250
651
345274
345275
8404
1834
1758
3381
56955
84992
100996939
266812
22915
2895
474
27306
8633
5161
285555
127
124
131
84103
51705
150159
6870
100507096
27123
84570
10692
345193
2028
5308
63973
64579
9348
51778
2169
79931
132332
7222
132612
83447
57575
132430
84709
7350
57484
166752
2996
2994
2993
646603
5458
83894
345062
6423
54798
2266
166863
4887
51802
6999
2891
59350
152940
56884
84076
391712
166655
7092
442117
11341
8001
11086
140458
53842
100132463
133121
391723
4543
132625
205860
339976
448831
389257
6550
340024
348932
6531
50805
153572
153571
79192
170690
134111
108
134121
9037
50834
23194
1016
56979
1008
1007
51289
153657
64902
5618
133690
133688
167127
202151
2668
133584
735
133558
345557
2255
348980
8988
11082
3003
3001
166979
54514
79722
202309
115827
3350
401190
4064
728340
8293
8293
6606
6606
9607
167465
134288
2151
170591
1393
29958
23743
635
84654
1404
10085
134187
153643
83890
5122
167410
7903
133482
642987
83942
100302736
353376
1036
340069
94033
133923
9627
613212
28965
171019
23105
497189
4762
153328
3950
57113
9499
27039
7478
26045
51237
641700
83697
404734
56146
56145
56143
56140
9752
56139
56138
56137
29930
56132
56131
26167
56130
56128
83884
56113
56112
56104
56111
56103
56110
56098
56097
51294
2246
57824
57528
643226
5459
134391
5521
9832
117156
408187
404203
84651
643394
3360
5145
5159
1044
6534
815
91977
345611
2878
285641
153201
2196
6678
2741
2890
9421
6444
84868
153745
3702
408263
100190949
1879
2561
2559
2554
2566
57451
6586
1794
2299
133874
3937
30820
3779
285588
1482
133491
1812
3274
10814
202134
6620
253314
3101
345456
285596
5626
91522
80108
285676
2916
9509
285679
646019
4056
92304
2324
134083
79908
10917
26693
285659
3662
222826
404220
51299
2162
9450
285782
63915
9247
221711
405754
221692
5617
154150
6568
10246
696
94026
81697
222698
222696
257202
2880
26692
442184
442186
26707
442191
81696
81797
26529
26531
442194
26716
116511
7932
4340
135644
202658
394263
100507679
29113
170680
401250
4049
7940
259197
199
259215
58530
4439
401251
100293534
720
721
1589
80864
6048
56244
117283
4295
2914
100529239
7287
221481
389383
340204
1208
222662
116369
285848
222659
401258
57699
221472
1769
83795
221458
23500
57497
10930
340205
54209
285852
9436
2978
5961
171558
27232
10864
221421
11131
441151
202500
221409
860
221400
100287718
4224
221391
442213
389396
6005
7180
5232
167
245928
245927
245913
245915
83741
7021
2939
2938
221357
2940
90523
3062
389400
54511
653
202559
51557
346007
1310
1297
56479
100129128
340168
154288
27145
3617
3351
167681
9892
3354
1081
375519
81833
2569
2570
84694
9457
5454
84539
6492
389421
256380
7101
2830
728464
85413
442247
1300
221303
222545
222546
245806
222553
5350
2173
134829
10345
154215
84870
9729
387357
253582
154075
114801
100507203
383
79541
134860
83551
319100
9038
9287
134864
6943
27115
167826
59351
345930
167838
4829
153918
2911
79747
389432
387082
135250
80129
80177
7432
4988
26034
49861
50508
4142
6582
4018
5340
285800
1235
2853
401285
54346
83887
100128124
3834
79981
168002
7058
3125
3126
340260
155185
56903
221938
654231
728194
222967
30010
1607
100506049
221823
222894
256130
340273
221833
4852
64111
3204
2128
1395
11185
2692
117
63974
10842
168667
387129
313
9844
353345
51314
273
2737
100534592
285955
165
58498
2645
64005
10268
401335
168448
375567
11055
285877
222008
5260
90827
441234
442319
730291
168417
26053
83698
135892
8468
375593
378108
442590
346562
948
3082
2913
5244
219578
401387
257415
253012
799
2792
1278
51666
1749
4951
4885
222865
79027
81392
349149
79690
79037
441272
51412
2056
7455
140453
375607
136227
93408
729597
441273
246721
375611
375612
100130771
222256
5294
2845
5172
1811
22798
154907
54674
54329
5506
22797
7472
136991
51384
168433
378925
50833
6561
154865
142685
442721
23553
6677
730130
2918
29999
5078
64101
3952
401399
84691
611
100287482
1358
51200
93979
1357
114960
91584
346673
26266
389558
136319
1129
9162
6718
154790
27147
494551
50831
50832
54429
136242
130075
23601
5726
8972
136541
100463482
3792
135924
346517
259285
259286
338398
259287
135948
26211
135946
393046
392138
346525
442361
135941
402317
346528
135935
202865
155038
168537
55303
474344
100527949
170575
55340
2636
136371
155051
168391
1804
3361
285888
7434
441308
169270
9228
9172
64478
285
1671
1669
1667
728358
1668
1670
392188
100131980
1673
55894
55894
10407
503618
140596
245909
503841
245908
245908
245910
245910
653423
100132396
392188
645836
203074
203076
286046
83650
640
613210
613209
613211
728957
392197
377630
157773
137868
7991
4481
26281
9108
10
4023
6570
11178
2675
9046
203190
6440
55124
157310
137814
27299
8756
4741
64641
148
81551
1135
389643
5368
619373
100507341
78986
137970
157855
137362
155
6770
389649
8749
2515
169355
79698
6422
157848
27121
1142
8973
340441
79645
54212
137902
9705
64321
6101
114786
4342
5179
1581
9760
157807
286183
27319
9420
85479
84675
1392
137872
100533105
23678
100129654
286187
80243
23213
63978
9242
8989
9312
157869
23643
83690
11075
5375
646480
2167
646486
347051
138046
759
761
85481
157724
54714
168975
138009
64168
862
100861412
392255
6383
85453
3788
26166
169166
4956
79870
81501
1807
23414
137735
284
340419
7201
93035
114788
169026
10584
5168
340359
114
729330
10086
137835
6503
51059
51305
389690
54742
57152
137797
2765
1584
1585
4062
338328
100130274
375686
83482
1761
58524
10655
169522
11172
80380
2315
89882
8777
9350
158326
100129385
54796
92949
25769
3456
3467
3452
3441
3444
3446
3449
3451
3448
3442
3443
3447
3440
3445
3439
1993
100129669
64922
7010
54586
56832
401498
27290
84688
27019
375704
1271
138715
10850
6363
6366
259308
138724
730112
971
27240
692094
392307
392309
56656
881
5079
22844
647060
727830
727905
26165
349334
112267859
389730
84210
653404
653427
445571
220869
5239
169693
5568
80036
138240
117531
6096
140803
158471
442425
9630
389761
389762
389763
389766
2619
286234
441452
645961
4920
4969
54829
1842
445577
56033
8789
55363
1306
8013
100526694
116443
5535
1539
138805
138804
138803
138802
138799
392376
286362
286365
6887
10880
10881
23732
255220
4593
26248
158399
552891
57864
5004
5005
944
5069
7099
254956
347168
26740
26219
138883
138882
138881
158131
347169
26737
26735
254973
392390
392391
392392
286204
2516
401551
4010
23452
158248
10044
2022
375759
59335
347148
10319
286336
56751
8328
29989
9719
642968
1621
1757
1289
2220
2219
157927
3933
29991
360203
392399
402381
57582
8022
158062
138307
389812
5730
401562
401563
2529
401565
774
6473
64109
286530
438
7499
416
57502
51481
26609
51480
425054
171482
395
265
9758
51284
51311
171484
92552
2742
140456
660
795
139105
6247
5475
22866
23676
168400
254158
170302
286514
158809
347541
347442
139422
139425
4113
4114
4115
4112
190
80231
53940
158724
170062
139604
442444
5009
7102
347411
60506
2857
27197
63904
7712
389852
729201
6758
6756
10214
548313
6759
7454
2623
102724473
26749
645051
729428
645037
2574
100132399
729431
729442
729422
2576
2543
8712
9506
8852
139189
9210
728239
81557
9502
653067
653220
280658
6757
727837
494197
170627
170626
727866
65267
347365
7216
5207
389860
203569
100463488
90737
139793
139628
340554
11326
9843
60401
158835
139562
347516
158833
5030
407
347517
56159
84889
158830
2833
100130361
100132994
340527
63947
728656
645974
340529
4674
1046
389874
158866
139599
8823
441531
10800
2846
27334
84636
50945
5456
1538
340562
117154
56062
53336
90316
140886
27328
4675
286499
29935
57526
64102
27035
392509
54457
695
100529097
9823
55998
140597
158931
56001
728343
282808
56000
56271
90843
340543
56849
142684
203562
5354
56157
203447
6906
92129
139212
56156
8471
2986
91851
1641
7224
100329135
340596
3358
57631
139804
51213
186
170261
57481
158798
727940
84528
158800
23439
643311
728042
728082
728096
728036
255313
100507170
728090
728049
728072
728075
255313
653282
2892
4068
340578
139170
139741
7512
54440
139760
158763
3547
347468
90167
83844
51270
541466
728911
441519
441521
541465
55511
680
959
83550
7547
2258
2158
4168
347487
6658
728695
23641
64663
728712
30014
64648
139081
9947
51438
441525
139067
139065
494119
389898
494118
84631
100129239
100133053
158521
728269
4108
100130086
100506164
4110
4107
9248
139135
79057
89885
1260
4103
100533997
4109
2556
55879
4105
389903
4101
266740
4111
158511
4102
114824
29944
84968
4100
139735
633
492
139728
26576
554
5956
728458
2652
1527
8277
246100
1485
30848
139716
100132963
474384
474383
6736
6192
7544
90655
83259
64591
266
90665
728395
728403
728137
7258
8287
8653
7404
9087
353513
9084
22829
9082
353515
203611
9426
159119
86614
8284
9086
140032
378948
5940
378950
378949
442862
9081
159163
378951
442868
442867
9083
1617
57135
57054
57055
253175
9085