79501
729759
81399
26683
401934
254173
8784
7293
441869
643965
219293
8510
388585
8764
79258
100287898
140625
148870
55966
390992
83715
80835
10911
765
155184
148345
10218
374946
4879
943
343066
126767
93190
390999
65121
440560
343069
65122
400735
343071
391002
441871
440561
343068
343070
653619
729528
400736
645414
391003
645425
391004
126755
10630
11330
63036
51032
388595
27129
1187
1188
374955
4237
23569
353238
84966
80834
4681
54546
30814
5320
5322
26279
64600
391013
127733
127731
401944
23436
10136
2046
712
714
713
259283
1269
6007
6006
2134
7780
84676
79927
378807
1043
257101
79727
8431
8547
388611
2268
4985
4146
2170
3061
3932
728116
3208
114784
127540
84970
2709
127534
2701
27285
1441
2899
7802
284654
5453
26292
81025
84618
51440
127391
339559
2981
2980
149461
128218
149466
7075
4352
81888
128209
541468
148930
374973
1580
1579
260293
199974
284541
6886
2301
84871
79656
1996
284546
112970
2882
127435
6512
63948
148979
1733
388633
200008
338094
374977
55001
7809
731
732
1600
4070
1573
127795
54596
27329
148581
84251
200132
10022
400757
9077
6121
57554
5733
257194
100526835
51086
4438
127247
81849
54810
5737
10964
58511
23566
255631
9635
1179
22802
388646
115362
163351
343472
676
388649
54112
118427
279
276
278
277
55170
22854
148545
653149
163479
127003
343263
284612
83873
2780
2944
2949
164153
84432
3744
3737
3738
963
27159
140
3752
26191
270
6847
7252
4803
845
4808
126868
914
200162
6913
51179
3284
3283
3158
83998
343505
11085
2210
644591
653598
653505
148741
11126
200030
2702
2703
728945
645142
730262
2209
9900
23632
79630
79626
11189
284485
339398
100191040
284486
126637
126638
388697
2312
388698
49860
254910
54544
353145
84648
353144
353143
353142
353141
353140
26239
353139
199834
100129271
448834
353137
353135
353134
353133
353132
353131
448835
4184
3713
163778
6698
6707
6699
6703
6700
6701
6704
6705
6706
149018
574414
114771
57115
6280
6283
6279
338324
6278
91181
388701
89872
126669
126668
55891
5313
339403
57111
100527963
632
391104
57127
164118
3645
440695
83416
83417
115352
79368
115350
922
912
909
911
910
913
128360
391107
391109
343406
391112
128366
128367
128368
6708
81448
391114
128371
128372
81442
4332
149628
9447
57863
2205
441911
26476
127385
325
1401
343413
56833
391123
57549
89886
3766
3765
477
480
844
114836
8832
6504
962
51744
55600
142683
9507
2207
336
654790
2212
2214
2215
2213
84824
117157
4921
5999
4009
6258
440699
84944
10223
92235
919
92241
55811
6846
6375
1805
6403
149281
5396
80133
2328
2327
2326
4653
92346
356
8995
284525
339416
9293
63923
7143
60676
460
84066
9068
126859
7827
148753
777
127665
127670
353299
85397
81626
403314
5132
64407
431704
5996
6003
8707
10877
3080
81494
2165
23418
127124
5788
2848
779
5317
7139
7135
25802
5778
4656
4608
1116
1118
2331
5549
26254
54900
5972
3814
6900
93273
148811
553
1510
653464
647135
83953
1380
1378
1379
947
255928
343035
149647
3776
7399
2104
55532
400823
10637
7044
83881
339501
89780
10753
27185
88
6262
57829
64388
128025
200159
55083
388759
114548
127623
441932
81472
148823
81470
81469
441933
343169
26188
284532
391189
25893
343171
343172
284521
391190
391191
81466
26246
391192
127059
391194
127062
26245
391195
127064
391196
127066
127074
254879
26696
401992
343173
401993
391211
343563
127068
127069
127077
403244
403239
401994
646627
347688
105
114131
51806
810
10659
221044
55301
8516
389941
338596
653567
4360
221074
84898
340900
100532731
9576
219681
256297
256815
57512
53904
2572
374308
283078
55130
84569
119180
219770
100288485
53828
6387
643236
79290
653145
728113
100133093
644054
5949
2658
2662
143162
57705
474354
170370
118461
644168
1103
6572
282966
4477
56624
5592
4153
65217
100463289
220965
1959
29119
347731
50674
64106
4838
5551
140766
219793
414152
84647
58529
79933
338599
729238
653509
219348
143241
84332
387694
10718
387695
340745
26103
5995
94233
79812
643161
142910
8513
643414
643418
340654
9023
439996
387700
340665
5146
9211
1557
1558
387707
29760
1791
93377
60495
159296
9033
7479
3195
10660
2253
5309
1586
57412
255022
119395
22986
114815
6975
4892
56165
340706
374355
119548
5406
5407
5408
143379
338567
2018
2834
387715
1755
399814
50624
118670
340784
3167
2849
119587
390010
387718
118856
594857
399823
119467
256536
84504
8433
27287
118471
1571
93426
441581
100288687
147199
113746
171389
387733
6343
387264
440021
387266
387267
439915
440023
90019
7136
7140
723961
3481
3630
7054
430
29125
10077
29850
386746
116534
417
143496
119774
390036
119772
143502
390037
390038
143503
81285
256892
119695
119694
119692
401665
119687
81282
79324
401666
401667
56547
119682
119679
119678
390054
23538
283111
3043
3045
3047
3048
3046
79339
79345
282763
390058
390059
390061
390063
390064
390066
50613
143630
390067
340980
445372
53840
387748
390072
390075
79473
390077
390078
390079
390081
390083
390084
338751
120793
120796
196335
255725
120787
160298
887
338755
144125
8590
144124
341276
283297
120776
120775
338323
27288
283298
341277
120065
120066
390093
26496
338322
56673
56676
100463486
10894
10335
5741
10418
796
797
387755
4654
3746
7166
117195
117196
100528017
6291
3948
160287
283284
84867
259249
117194
8048
120237
9152
4745
57084
2620
100500938
338645
63982
143662
159963
387758
8424
3739
2488
744
341019
493860
2001
25891
5897
57689
387763
390110
1132
6688
399888
114900
119765
119764
390113
256148
256144
403257
403253
283116
646754
2346
283092
283093
81318
119749
79097
81327
81328
81309
219428
219429
81300
219431
219432
390142
219436
219437
219438
26338
390144
84767
390148
10798
282770
338674
219447
120586
390151
390152
81168
219453
282775
219464
390154
390155
219469
219473
390157
219477
504189
219417
219479
390162
219482
219484
219487
390167
390168
338675
219493
390174
504191
283189
390181
219527
187
10394
5553
219537
710
643376
219956
219952
219954
219957
219958
219959
219960
81341
219965
441608
390190
390191
219968
1270
10249
219970
92292
219972
390195
219981
219982
219983
390197
219986
390199
390201
932
2206
64231
51338
245802
58475
84689
64232
931
54860
503497
219995
341116
22917
51296
923
921
643834
643847
5222
390205
10648
4246
10647
4250
404552
7356
1128
9356
9376
283238
387601
387775
114571
85329
116085
9379
170589
29907
10004
387778
5017
254122
1521
254187
1474
89792
57124
266743
89
100526737
390212
57010
51475
347853
222
116512
116535
2249
2248
440050
57830
3846
387273
440051
245911
2352
2348
2350
401
341152
80168
192134
4975
220032
100532726
65987
7069
26011
220382
220388
220047
2915
7299
50507
219595
390231
57093
642446
120146
642612
642623
10003
4544
387804
341208
390245
53942
5241
253935
9313
64066
4317
4314
4321
4322
414301
100506742
838
114769
440068
59082
2893
399947
57569
341032
5450
54766
399949
3316
91894
56158
4684
255239
1813
644672
9177
3359
7704
120400
54827
120406
116519
337
345
335
100533181
84000
56649
6330
6327
10205
916
915
917
143941
11181
643
283150
114902
83552
25833
2900
414899
56253
390259
390260
390261
338661
338662
219875
219874
219873
390264
219870
219869
390265
26494
219865
283159
283160
26595
390271
283162
26493
219858
390275
116337
23584
54538
641654
220296
63876
160065
399967
100169851
399968
29118
2313
3758
3762
63970
8538
50863
4978
219938
112937
27087
440073
93589
654429
775
83714
56341
894
8074
2251
3742
3736
3741
4908
57101
7450
939
920
341392
9332
339
9573
359787
170482
360030
79923
719
50856
440077
93978
338339
8076
144568
2
5858
3820
160365
969
51348
100431172
387836
160364
51266
387837
283420
51267
64581
120939
3824
22914
8302
3823
3821
50837
50836
50835
50839
5554
5554
50838
5555
259296
259294
259292
259289
259293
353164
5544
5545
5542
653247
79370
83445
2984
420
4256
121506
5149
729025
55885
79785
5288
89869
93661
53919
6579
3375
10060
6660
196415
4033
728858
100287284
341350
83857
441631
341359
225
283461
29951
80070
4753
440097
55089
8909
1280
121275
23519
121273
341568
3906
7471
50846
23017
359
362
121006
283471
613227
1990
341405
94
3891
3890
3888
9119
3854
286887
3853
3852
112802
121391
140807
319101
3849
3848
374454
51350
3850
338785
196374
121340
3228
53831
121355
3071
5153
5502
90070
117159
118430
9840
58158
441639
121364
254783
283365
390321
254786
390323
403282
390326
341416
390327
403284
341418
121129
121130
4327
319
4284
121214
8608
11318
6866
3626
64333
115749
11197
4069
376132
5801
8549
121278
29953
3747
256710
283310
374462
4618
4617
8499
144448
25834
160419
100528030
196477
1833
11081
4060
1634
338809
120935
196472
246213
121601
160728
121599
4604
50511
5367
3479
5053
429
374470
5992
121549
9671
1240
338773
1610
55530
283446
59341
160762
4633
23316
64211
6910
84530
160777
387890
5319
5027
27198
114795
92293
144423
121256
11211
9271
23504
100507055
22953
647589
7278
93492
10804
2254
6445
387911
338872
479
56163
219287
51761
387914
2835
6144
219409
3651
2322
2321
23281
84935
122046
122042
646799
9365
4081
54937
100526761
728591
8900
400120
4093
122011
10631
7223
341640
161003
8600
144809
94240
29103
387923
386618
283514
3356
57105
115761
220107
647174
83446
5100
10562
122183
729240
729250
729246
729233
27253
64881
57626
1602
1910
114798
2262
1638
266722
27199
140432
6564
2841
1880
9358
2259
196541
643677
6555
267012
728215
10673
23026
121793
6656
122258
2159
496
6011
440153
404785
641455
79334
441669
441670
390429
390431
79317
79544
81127
122740
390433
122742
390436
390437
390439
122748
390442
123103
338879
390443
122651
493901
341799
10876
64184
6039
6035
6037
6036
29986
122664
440163
84659
122665
390445
26533
26534
26686
122706
1053
23428
100529063
10278
116173
4624
4625
84502
9362
100528064
196883
11035
1215
1511
2999
3002
2290
2856
64067
84684
7080
6751
161198
145581
84075
140801
161357
145447
5729
387332
5015
341880
729665
6252
341883
317761
4990
83851
27133
57381
122876
100529261
161142
145226
400224
56936
6554
6547
100529257
8747
8748
9628
8110
399671
641372
338917
55237
646658
283571
10538
58157
7253
8477
54207
56659
79820
123041
341947
90050
51676
256394
327657
145264
5267
9623
8115
10858
283600
8788
388015
122402
647286
374569
400258
388021
122618
727832
100996331
390538
283694
283767
54551
4692
23742
6638
8926
2567
283768
100132565
4308
1133
57369
70
145942
644809
644844
54866
161829
8681
123745
283748
255189
2038
9333
116179
161497
25764
140691
50506
405753
9153
80031
283652
399697
6557
2252
3067
373509
1588
342035
29106
10017
440279
145781
8854
366
27023
145741
390594
9543
197021
246777
338949
55889
123346
161514
342096
57611
1583
1544
79748
594855
653641
653643
9051
23205
390616
100528021
6218
123722
646
6457
9154
123624
176
6017
9899
8128
56963
55784
283777
145814
170691
204219
390648
390649
26682
3050
3042
3040
3039
283948
51764
390664
25823
64499
7177
23430
390667
79652
3483
6123
146310
4917
752014
260429
360226
10942
64063
9074
84891
4993
100463285
646174
6345
100529144
342346
9717
146556
54715
283953
2903
146279
4261
7142
58531
5620
5619
608
729993
124274
2813
7369
204474
54988
123876
348158
116285
7783
10261
146183
255762
146177
9956
6340
10595
63928
5579
10368
343
9951
162083
146395
728689
8663
6799
930
552900
654483
79008
548593
445329
6818
6693
283897
653808
146378
146540
1489
5652
493829
260434
1339
51327
729355
24150
653550
869
123970
124460
388276
79190
84290
6530
107987423
221223
84560
4504
4493
4499
4490
4495
4496
6559
1071
6367
374739
221191
1006
1009
1003
100529251
146225
766
181
64180
64174
348174
283971
10164
342372
3240
3250
440387
1504
85445
170692
57687
10143
83657
3294
1012
146167
161931
93107
58189
339145
2294
763
390748
1013
11105
727857
8386
4991
8390
26189
8383
4995
4994
8387
8392
8388
84690
443
5023
201305
124975
342527
246
1145
2811
388325
23746
284111
54739
162517
83659
124944
255877
10462
433
339168
374768
643664
407977
1973
482
146754
3000
247
22899
146852
643904
146849
388333
162387
146850
23533
201140
5957
8735
4626
4622
4619
4620
644139
388336
1770
9955
146822
64518
284040
100533496
353149
23495
645027
654346
80039
254272
400581
284194
256223
100134444
100462977
645832
9058
8456
124925
9220
1411
6532
388364
4974
2124
2123
124912
6354
6356
6355
6357
6346
124842
146862
146861
55106
100506736
342618
57151
6360
6358
6359
6368
6362
6348
6351
414059
6349
6349
9560
414060
729877
101060321
284099
729873
84218
388381
494188
390790
4761
84152
5409
22806
124626
100505591
284110
192666
147183
353288
342574
162605
3859
25984
390792
125115
85293
83897
83896
83895
728255
81850
81851
81872
728279
730755
85294
100132476
728224
100132386
653240
83755
81871
85289
84616
85290
85291
728318
83899
83900
83901
85280
81870
100533177
100505753
83902
3883
3884
3881
8688
8687
3882
3886
8689
3860
3857
3861
3872
2520
317719
94086
3060
2538
100885850
80755
4222
50964
146894
5539
5697
6521
51751
162540
246744
51326
7484
4635
30009
8631
3211
2793
51225
11248
255061
1747
1101
124857
654364
56934
84643
55273
162282
26689
124538
8288
4025
4353
124535
56155
762
124773
342538
146779
81033
1443
2689
1442
1444
2688
974
3384
5175
27091
786
10350
23460
6752
642843
64446
124602
388419
350383
11314
124599
10871
100131439
146723
342510
146722
283985
124590
92736
347741
100134934
1018
353174
768206
100141515
283999
339221
2642
116729
255275
924
2837
79755
81035
1068
116
23136
645369
91133
79822
284217
339291
84203
147495
1149
4161
4158
388468
374860
64693
59340
25925
143471
361
83539
1823
1828
147409
1830
7276
147407
4225
57565
374864
80816
8715
1837
6014
6860
8170
6563
284266
9050
125336
29906
201501
100526842
5596
83876
1630
147323
284254
284257
51046
2922
30062
339302
4160
28316
220441
5268
89777
5275
6318
6317
89778
5055
5273
1005
220164
81832
644041
84735
2587
27164
26251
81099
284451
8174
27006
400668
126520
390874
126306
645191
80032
2769
126326
84839
23217
85300
27231
56961
126259
55620
440503
645432
148066
257062
2528
2525
2527
81616
125981
284428
653656
125997
653657
56729
2208
339390
30835
10332
6370
84467
284382
284383
85509
125963
390882
125962
390883
162998
125958
26648
100529215
7730
147741
50700
83854
692312
3386
26526
1995
1264
126068
126069
126070
90594
7620
284390
163059
729747
284391
7568
90589
147837
79973
163051
54831
83546
10661
4066
117579
5731
388512
26664
26659
390892
26333
26658
6511
126402
23581
126370
64926
126410
11283
26538
26532
284433
26539
126541
117286
125972
284434
9002
83878
83483
115861
126364
1311
2657
4207
1463
440515
56242
81931
91120
7643
90649
100129842
199777
7639
284443
353088
163227
7757
113835
163223
100287226
148198
57615
7652
388523
7644
148213
730087
342865
9745
91646
56301
64377
284402
3249
5349
163175
53822
148109
57817
4099
2864
2865
2867
388533
495
7305
1346
84911
388536
25850
390927
163255
163115
83889
64073
115727
3963
3963
342898
282617
101180976
282616
282618
9535
29124
148003
56891
1178
342900
148014
8190
53916
1548
1549
1555
1553
1572
374907
90273
1089
1084
147719
63946
284340
1088
5671
440533
5675
5676
5680
5670
5678
57126
83639
56269
284348
125931
23624
346
344
1158
2828
81492
339345
8993
388555
147920
64344
83987
5739
94235
147906
27202
84215
284355
1406
6822
100131137
64100
56344
171169
284359
26291
7288
3972
114336
114335
3743
3270
147872
113091
60385
114132
400709
126123
4606
2854
3816
55554
354
3817
9622
25818
5653
5650
11202
284366
11012
43849
26085
27180
27036
945
284369
4818
3982
89790
27181
729767
89858
946
8778
100049587
3036
2357
2358
2359
84765
65251
162963
400713
84436
147658
147660
388558
55762
55769
162966
7576
162967
100529240
125893
147664
100271846
55786
84671
79788
342926
317701
317703
503834
91662
441864
11025
79168
10990
10288
11026
353514
23547
3903
57348
148170
3904
11027
11024
10859
11006
115653
3804
3802
3805
3811
3809
3812
2204
9437
199713
6861
284417
284418
729956
338321
342931
204801
147945
126204
126205
126206
85569
342933
63934
57573
147670
90485
23619
5178
57663
114026
503835
57191
284307
201516
7710
147685
284312
7694
3803
3813
57292
553128
3810
3808
3802
100132285
54221
7173
23040
55821
6664
23620
4613
729475
7447
343930
100526794
93034
151449
338
653140
5443
130106
150921
285126
238
92291
58484
5212
391365
100271715
344387
130733
165140
23498
64240
64241
10736
388946
56660
286749
11036
3973
2492
9378
388951
129852
53335
5341
10887
27302
200504
56287
344018
165530
50489
79998
2016
344022
1961
9027
51471
388960
72
130951
80059
130120
5968
5967
5068
347730
6439
10578
100526767
926
729857
400966
5342
5343
150572
2168
55258
344167
200523
150483
4118
150696
653192
129868
150763
431705
1844
150771
51252
7535
200403
1261
254773
3899
129521
731220
389015
653489
285190
60482
442038
27233
84220
729540
96626
55289
727851
57628
8685
165257
6344
129684
2995
2840
84084
728378
112714
653275
55997
344561
205147
554226
130013
80122
80731
11249
53353
55843
130576
56475
3760
57471
9595
130399
151531
92196
100526664
9936
4065
10716
57282
2641
2191
90134
151258
6328
6326
80034
2591
6323
6332
129446
8708
57818
8647
10324
140469
389058
1134
344191
3238
285025
151126
4760
2487
91752
401024
151112
10203
1281
2660
401027
100529241
25843
130132
66037
5334
58538
65061
940
1493
29851
2825
391475
130749
1421
1420
1419
1418
389073
5746
285175
4632
2066
402117
7141
285180
3579
3577
151306
53632
80326
54738
1412
389075
1674
5077
116255
79843
57624
56918
80309
11262
130560
10316
4880
250
248
646960
1144
3769
4759
6295
54576
54575
54579
54657
54659
414061
6694
401036
79781
1293
51052
64284
10267
389090
150681
150677
653437
375318
189
5133
245938
81623
140850
245939
140881
400830
6939
85508
51378
343637
400831
642636
27111
284759
128646
55423
5173
343641
117532
56265
128653
100288797
2797
5020
551
64096
80332
6614
23627
128674
164312
24141
80343
56914
5126
140836
58495
140856
57419
3642
644524
4821
5075
6754
22918
128817
140880
10047
128821
128822
1472
1473
92086
8530
245929
245930
117285
245932
245934
245936
245937
28954
84701
164395
343702
3055
284805
140732
80341
128859
359710
149954
140683
128861
51297
128864
170487
434
128876
8200
140873
140894
84174
2691
85449
671
149685
343578
140679
9935
11122
149699
78997
3787
149708
128488
6406
6407
11317
27296
10406
10816
140870
100526773
57119
90199
259240
140832
259239
280664
164237
391253
140686
7125
64405
55713
128506
64849
81031
5740
387522
128553
55816
140689
4159
57091
140687
200232
23626
100462983
140690
81030
128602
164284
128611
116154
11255
140893
4923
63910
128408
1137
6725
8771
140700
2832
7179
85319
317754
149998
54033
64092
140578
5651
4685
58494
116159
9510
11096
2897
26285
9073
643803
100131902
388818
643812
337963
337959
140258
337960
284827
254950
337882
337969
337970
337971
337972
337973
337974
100288287
337968
337967
337979
337966
337975
100151643
337976
337985
100288323
337978
337977
337879
337878
337880
728299
56246
56245
10215
116448
9992
54102
23562
3772
2078
150084
5121
1826
54097
4600
7113
89766
7033
7032
53347
1409
29947
326
386677
386679
386682
386672
386680
386674
386675
386681
386676
353333
386678
386684
386683
353323
353332
386685
10841
84221
6285
23784
81061
150160
150165
128954
83733
23617
2928
7122
2812
3053
6545
150221
440804
164592
7441
91227
100423062
3543
150248
2953
653689
2952
51733
440822
255349
1417
1415
84700
23544
1414
1413
25770
10633
5988
4744
150280
5008
266629
730005
50487
150297
6527
10738
254240
8224
91464
80831
80833
80832
10369
5816
4689
1439
339669
6753
5880
8484
6663
23539
3761
200315
60489
150350
9402
113828
2847
150353
150356
150365
150372
80274
758
25830
150379
64098
553158
23779
7380
10343
23209
54456
55586
113730
644186
1120
49
27255
152330
57633
2917
859
100526693
115795
491
6538
6529
55287
152273
117248
1618
6304
131096
151649
79750
116135
339896
131405
1233
10777
85443
3680
9389
6336
11280
165904
1524
1237
4336
25924
956
885
131375
131377
57467
1582
389114
100506243
375337
55888
285349
115560
7047
7123
54716
10803
10663
2829
1230
1232
729230
1234
9034
4057
83597
79442
6997
259236
29122
4634
820
646424
285231
440955
339834
2779
10991
2912
440956
401067
389123
389124
132141
118442
100526760
23166
3697
3699
55799
57408
26059
142686
1776
11170
131177
55079
8618
132204
132203
132200
56203
60675
23024
5067
100288801
6092
253559
5449
3355
2042
415117
285220
200959
81050
26341
403273
403274
79295
79310
403278
403277
26339
402135
2838
1295
50939
131368
84692
84666
50852
9626
27136
151871
55211
10225
29114
344805
285335
4345
151888
344807
131450
1814
7634
201633
2596
941
89876
8856
9515
503582
51725
942
846
165631
54437
54763
152015
28999
131669
152065
166348
165721
57501
79825
2815
100534599
6010
7200
644974
256076
131873
66000
8419
6578
339855
2047
8403
51208
729627
389151
389152
5948
287015
92369
131890
57047
389158
84107
7545
1360
1359
389161
7401
29909
9934
53836
53829
64805
344752
56670
344758
4311
654502
29970
29970
8706
131149
6476
22865
79740
5276
151790
151827
344657
79782
344658
57709
6514
389177
2693
83893
22871
254827
10242
51555
339829
89857
200909
170572
285242
7066
285382
26998
3273
9370
132112
5648
64108
6750
344892
131920
647309
344901
152138
344905
84239
1370
131578
2814
131540
200931
654254
5158
133060
54360
152789
27201
8532
100287144
100287178
100287441
100287364
100287205
100287478
100287238
100288520
100287327
100287404
100287513
728373
728419
728386
728369
728379
728405
728393
728400
1816
116449
114905
83888
8842
9079
645104
27146
9353
57733
6649
10568
886
5099
401124
55286
10744
399
8929
389206
152573
389207
386617
285525
2565
2555
170712
2557
2560
10699
1259
326340
80157
65997
84708
170825
3815
3791
132954
132946
100506564
84525
6691
253017
2044
26228
2798
9407
339967
389208
132724
28983
7367
7365
79799
54490
7363
574537
10941
27284
6783
1446
1447
6779
3347
3346
54959
260436
1448
85438
26952
10879
4589
401138
258
10117
2638
10886
9508
213
173
5197
5473
255324
5470
419
100129583
100631383
339965
10563
84779
2712
2250
651
345274
8404
1834
1758
3381
56955
84992
100996939
22915
401145
2895
474
27306
8633
5161
285555
127
124
125
131
84103
4547
27071
51705
150159
6870
54848
100507096
27123
51176
84570
10692
345193
63973
64579
9348
51778
2169
79625
79931
84109
132332
7222
132612
83447
57575
132430
54510
7350
166752
2996
2994
2993
646603
5458
83894
10586
345062
285533
6423
54798
9227
166863
51802
2891
59350
152940
56884
84076
391712
166655
11341
8001
11086
2823
132851
140458
53842
100132463
133121
391723
256309
27295
8470
3818
2160
132625
339976
448831
389257
340024
348932
6531
50805
79192
134111
108
9037
50834
1501
1016
1010
56979
1007
51289
51151
114899
64902
5618
133690
133688
167127
202151
6507
2668
133584
735
730
133558
729
2690
100129792
56477
2255
348980
79668
3670
8988
11082
3003
3001
166979
54514
345651
202309
115827
100130733
3350
401190
4064
728340
8293
8293
6606
6606
9607
167465
134288
728780
22987
170591
1393
29958
23743
635
7060
84654
340120
1160
134526
1404
10085
4208
134187
153643
285601
83890
167410
133482
642987
85480
814
83942
100302736
1036
644100
340069
51334
94033
133923
9627
84466
613212
28965
171019
337876
23305
8572
497189
4762
9547
153328
3950
57113
9499
27039
7478
8382
26045
641700
84249
83697
404734
8637
56141
56140
9752
56139
29930
56129
56127
56124
83884
56112
56110
56107
56100
56106
56099
56105
26025
56098
56097
57824
643226
5459
134391
5521
9832
6690
117156
389336
11005
408187
404203
153218
84651
643394
3360
1436
5159
1044
6534
972
91977
345611
285641
153201
2196
2741
56923
2890
9421
285643
153745
3702
408263
11063
100190949
114898
23120
2561
2559
2554
2566
57451
2299
133874
3937
30820
3779
2568
30012
285588
133491
202134
285598
253314
3101
6569
345456
285596
5626
91522
80108
285676
2916
285679
646019
92304
134083
79908
10917
26693
285659
135458
222826
404220
2162
9450
285782
63915
9247
405754
221692
401236
5617
154150
140767
10590
10050
10246
696
94026
81697
222698
222696
257202
2880
26692
442184
442186
26707
442191
81696
81797
26529
26531
442194
26716
116511
7932
4340
346171
3135
135644
10107
89870
202658
79897
389376
394263
100507679
29113
170680
401250
4049
7940
259197
199
259215
58530
80740
4439
401251
80736
100293534
720
721
1589
80864
6048
56244
3122
3127
3123
3117
3119
3117
3120
3112
3111
3113
3115
117283
4295
2914
100529239
6954
7287
340204
1208
116369
285848
51513
222659
57699
221476
221472
1769
2740
89822
83795
221458
23500
57497
222642
10930
340205
54209
79865
285852
54210
9436
4188
5225
2978
5961
171558
84630
10864
11131
441151
202500
221409
53405
59084
10231
221400
7941
100287718
4224
221391
442213
389396
6005
7180
10321
5232
167
245928
245927
245913
245915
83741
7021
5314
221357
2940
8521
90523
27283
222584
3062
389400
653
202559
346007
1310
1297
135152
22999
100129128
340168
154288
441161
55510
3617
134701
3354
1081
375519
81833
2569
2570
84694
10690
9457
114792
5454
84539
6492
256380
7101
2830
728464
8528
85413
442247
222537
1300
221303
222545
222546
245806
222553
5350
79632
4121
2173
134829
10345
154215
23493
9729
387357
253582
154075
114801
100507203
383
5169
79541
643854
134860
83551
319100
9038
9287
134864
8875
340146
167826
59351
345930
167838
4829
153918
2911
79747
387082
154064
389434
2099
80177
7432
4988
26034
49861
50508
117289
84624
4142
6582
4018
5340
135138
168090
2853
401285
54346
83887
79981
64094
3125
3126
340260
392617
155185
56903
221938
654231
728194
222967
392862
30010
1607
4223
25928
100506049
155465
221823
222894
256130
346389
340273
221833
256227
4852
64111
3205
2128
9865
1395
11185
2692
117
63974
10842
387129
313
353345
51314
273
11281
2737
64951
100534592
165
58498
2645
64005
10268
256979
136288
154664
168448
375567
11055
10320
285877
222008
90827
441234
442319
730291
168417
728927
83698
135892
8468
653361
375593
378108
442590
6369
10875
346562
948
223117
2913
222223
5243
154661
79689
219578
5218
401387
253012
799
2792
1278
1780
1750
1749
6863
4951
168620
4885
1551
1576
64816
81392
563
51412
2056
7455
140453
375607
346606
93408
729597
441273
10234
375611
5649
375612
5294
2845
1811
154907
54674
54329
5506
93986
7472
136991
3751
79974
51384
5803
389549
168433
378925
50833
6561
154865
142685
442721
23553
6677
730130
2918
29999
5078
64101
3952
84691
611
1358
93979
1357
114960
136259
346673
389558
136319
1129
5764
9162
6718
136306
155006
154790
401409
494551
50831
50832
136242
130075
23601
5726
136541
100463482
5644
55503
56302
135924
346517
259285
259286
1180
2041
338398
259287
135948
26211
135946
393046
392138
346525
442361
135941
100128553
445328
402317
346528
401427
135935
202865
653857
65999
5919
155038
168537
55303
474344
100527949
170575
55340
28959
55365
4846
2636
136371
155051
168391
1804
3361
285888
441308
9228
64478
285
389610
1671
1669
1667
728358
1668
1670
392188
100131980
1673
55894
55894
10407
503618
140596
245909
503841
245908
245908
245910
245910
653423
1673
100132396
392188
645836
203074
94137
203076
286046
83650
640
613210
613209
613211
728957
392197
377630
137868
4481
26281
10
4023
6570
11178
9046
10361
8822
6440
1960
157310
8794
137814
10863
27299
8756
64641
148
81551
1135
389643
5368
100507341
29942
157855
137362
155
6770
389649
203100
8749
2515
3620
169355
157848
27121
1142
8973
340441
79645
54212
137902
9705
4986
6101
114786
4342
5179
1581
27319
85479
1392
100533105
23678
100129654
286187
80243
116328
23213
63978
2138
9312
23643
56704
51050
11075
5375
646480
2167
646486
138046
759
761
85481
245972
157724
54714
168975
138009
4325
793
64168
115111
862
100861412
54845
3788
26166
169166
79977
4956
79870
81501
1807
137735
340419
7201
93035
114788
441376
169026
4982
10584
114569
5168
7373
340359
654463
5462
56169
114
729330
10086
137835
6503
51059
51305
389690
57152
137797
8581
2765
1584
1585
4062
338328
100130274
375686
83482
441381
1761
58524
10655
169522
11172
6013
2315
89882
7306
9350
158326
100129385
6456
92949
25769
3456
3467
3452
3441
3444
3446
3449
3451
3448
3442
3443
3447
3440
3445
1029
1030
1993
100129669
64922
7010
54586
56832
158038
138474
401498
27290
1271
10850
6363
6366
259308
138724
27240
392307
392309
646962
56656
881
5079
647060
727830
727905
26165
349334
112267859
389730
84210
653404
653427
445571
220869
286380
169693
8395
5568
9413
138255
256691
80036
138240
117531
6096
442425
9630
389761
389762
389763
64078
4915
389766
2619
286234
441452
645961
10912
54769
4969
4958
54829
1842
445577
8789
2203
3293
55363
100526694
8577
229
116443
5535
1539
138805
138804
138803
138802
138799
392376
286362
286365
6887
10880
10881
255220
4593
26248
552891
57864
138065
54836
5004
5005
944
7099
254956
347168
26740
26219
138883
138882
138881
158131
347169
26737
26735
254973
392390
392391
392392
286204
2516
23452
158248
254295
347148
56751
8328
29989
28
9719
642968
1621
2220
2219
157927
3933
29991
5047
360203
392399
402381
57582
8022
414332
158062
138307
389812
5730
401562
401563
2529
6473
286530
7499
347527
416
25878
57502
51481
26609
51480
425054
171482
171483
4935
395
265
9758
51284
51311
171484
92552
25975
2742
140456
660
59272
2925
795
10742
139105
6247
257240
23676
168400
139411
9468
286514
158809
347541
347442
139422
139425
4113
4114
4115
4112
80231
53940
1756
158724
170062
139604
442444
347404
5009
347411
60506
2857
27197
4129
4693
63904
9104
7712
6853
389852
729201
6758
6756
10214
548313
6759
392465
2623
3266
778
102724473
26749
645051
729428
645037
2574
100132399
729431
729442
729422
2576
2543
8712
9506
8852
139189
57477
9210
728239
81557
9502
653067
653220
280658
6757
727837
494197
170627
170626
727866
54328
212
389860
203569
100463488
90737
139793
139628
11279
54466
142689
340554
11326
9843
158835
139562
347516
158833
5030
407
347517
54857
56159
84889
158830
2833
100130361
100132994
63947
728656
645974
340529
1046
389874
158866
139599
8823
441531
10800
2846
27334
84636
50945
5456
1538
340562
117154
53336
90316
140886
27328
4675
57526
64102
54457
695
100529097
9823
55998
140597
158931
340542
56001
728343
282808
55859
56000
340543
56849
142684
203562
5354
51209
80712
56157
203447
6906
139212
56156
8471
2986
91851
5063
827
1641
7224
100329135
340596
3358
57631
139804
51213
186
11254
170261
57481
158798
727940
84528
158800
55026
23439
643311
728042
728082
728096
728036
255313
100507170
728090
728049
728072
728075
255313
653282
2892
4068
10178
340578
139170
139741
7512
54440
139760
158763
347468
90167
55796
83844
51270
2239
2719
347475
644538
541466
728911
441519
441521
541465
55511
680
51442
959
83550
7547
2258
2158
4168
347487
6658
728695
64663
728712
30014
64648
139081
9947
51438
441525
139067
139065
494119
389898
494118
84631
100129239
100133053
158521
2334
728269
4108
100130086
100506164
4110
4107
9248
139135
79057
89885
1260
4103
100533997
4109
2556
4105
389903
4101
266740
4111
158511
4102
114824
84968
4100
633
492
139728
554
5956
728458
2652
1527
8277
246100
1485
30848
100132963
474384
474383
6736
90655
83259
64591
266
90665
728395
728403
728137
7258
353513
9084
9082
353515
203611
9426
159119
86614
140032
378948
5940
378950
378949
442862
9081
159163
378951
442868
442867
9083
1617
57135
57054
57055
253175
9085