100287102
645520
641702
79501
729759
81399
26683
284593
401934
254173
8784
7293
83756
441869
643965
219293
339453
8510
8511
9651
388585
8764
79258
100287898
140625
148870
388588
55966
390992
83715
80835
10911
765
155184
6518
1325
148345
10218
4878
4879
943
7133
343066
126767
93190
390999
65121
440560
343069
65122
400735
343071
391002
441871
440561
343068
343070
653619
729528
400736
645414
391003
645425
391004
126755
10630
11330
63036
51032
388595
27129
1188
374955
4237
23569
353238
84966
80834
4681
3362
54546
30814
5320
5322
26279
64600
391013
127733
127731
249
401944
23436
10136
2046
712
714
713
259283
1269
400746
6007
6006
2134
7780
84676
79927
10256
378807
1043
257101
79727
8431
8547
388611
2268
115273
4985
399474
4146
2170
3061
149069
84734
3932
728116
3208
114784
127540
84970
2701
58512
27285
1296
1441
2899
7802
284654
5453
26292
81025
54933
84618
51440
64064
127391
339559
200172
2981
2980
84217
149461
440585
128218
149466
7075
4352
81888
128209
266675
343521
541468
148930
374973
1580
1579
260293
199974
284541
6886
2301
54558
84871
79656
1996
63950
284546
112970
2882
127435
6512
63948
148979
1733
200008
338094
374977
55001
199964
7809
731
732
1600
4070
1573
127795
54596
163782
27329
148581
84251
200132
10022
400757
149233
3595
9077
6121
57554
5733
257194
100526835
51086
4438
127247
256435
81849
54810
5737
10964
10561
58511
23566
9635
1179
22802
388646
115361
115362
163351
343472
676
388649
2672
127495
54112
7412
1901
118427
279
276
278
277
55170
22854
148545
653149
163479
254268
127003
343263
284612
83873
2780
2944
2949
257
164153
84432
3744
3737
3738
963
27159
128344
128346
140
3752
26191
270
6847
7252
845
4808
126868
914
200162
51179
3284
3283
3158
83998
343505
11085
2210
644591
728833
653598
653505
8515
148741
200030
2702
2703
51463
728945
645142
730262
2209
9900
23632
149428
79626
29765
11189
284485
339398
6097
100191040
284486
126637
388697
2312
388698
49860
254910
353145
84648
353144
353143
353142
353141
353140
26239
353139
199834
100129271
448834
353137
353135
353134
353133
353132
353131
448835
4184
3713
163778
6698
6707
6699
6703
6700
6701
6704
6705
6706
149018
574414
114771
57115
6280
6283
6279
338324
6278
6276
91181
388701
89872
126669
126668
1141
55891
149095
5313
23208
339403
57111
64218
100527963
632
391104
57127
164118
60484
4914
3645
149499
440695
83416
83417
115352
79368
115350
922
912
909
911
910
913
128360
391107
391109
343406
391112
128366
128367
128368
6708
81448
391114
128371
128372
81442
4332
149628
9447
57863
2205
441911
26476
127385
325
1401
343413
56833
391123
89886
3766
3765
480
844
114836
8832
6504
962
4063
51744
55600
142683
100131187
9507
2207
336
9970
654790
2212
2214
2215
2213
84824
117157
5999
4009
6258
440699
149297
387597
84944
10223
92235
919
92241
55811
6846
6375
1805
6403
6401
149281
5396
80133
2328
2327
2326
4653
356
8995
7292
339416
462
9293
63923
7143
60676
460
84066
9068
126859
7827
163589
148753
777
127665
127670
353299
85397
81626
403314
83872
5132
64407
431704
5996
6003
8707
10877
3080
81494
23418
127124
5788
2848
779
647219
5317
7139
7135
25802
5778
127833
4656
4608
1116
1118
2331
26254
54900
5972
6900
93273
148811
553
1510
653464
647135
3586
29949
50604
11009
5284
83953
1380
1378
1379
947
57172
3290
80342
255928
343035
149647
3776
7399
2104
400823
7100
149111
10637
7044
83881
339501
89780
51127
58
79605
10753
27185
88
57829
1131
6000
128025
200159
57116
388759
114548
127623
441932
81472
148823
81470
81469
441933
343169
26188
284532
391189
25893
343171
343172
284521
391190
391191
81466
26246
391192
127059
391194
127062
26245
391195
127064
391196
127066
127074
254879
26696
401992
343173
401993
391211
343563
127068
127069
127077
403244
403239
401994
646627
347688
91734
105
114131
51806
810
3559
221044
55301
8516
389941
338596
4360
221074
783
84898
340900
100532731
9576
219681
256297
256815
57512
53904
2572
374308
283078
55130
84569
119180
219770
100288485
53828
6387
643236
79290
653145
728113
100133093
644054
5949
2658
2662
57705
474354
196740
170370
118461
644168
1103
6572
282966
4477
56624
653308
5592
4153
65217
100463289
219623
22891
29119
347731
6865
50674
64106
4838
5551
140766
219793
414152
84647
58529
79933
338599
729238
653509
219348
4143
143241
84332
387694
10718
387695
92211
340745
26103
5995
94233
11155
79812
10974
643161
142910
8513
643414
643418
340654
9023
439996
387700
3363
340665
5146
9211
387707
1791
93377
60495
159296
7479
5076
3195
10660
2253
5309
79946
1586
57412
51063
255022
119395
22986
114815
150
6975
4892
56165
340706
374355
119548
5406
5407
5408
143379
338567
2018
2834
387715
1755
399814
50624
118670
340784
3167
2849
119587
390010
387718
118856
594857
399823
119467
253738
256536
84504
8433
27287
118471
503542
1571
93426
441581
100288687
147199
113746
171389
387733
8519
53841
6343
1815
4588
387264
440021
387266
387267
439915
440023
90019
7136
4046
7140
723961
3481
3630
7054
430
29125
10077
29850
3784
1028
386746
116534
116969
417
143496
119774
390036
119772
143502
390037
390038
143503
81285
256892
119695
119694
119692
401665
119687
81282
79324
401666
401667
56547
119682
119679
119678
390054
23538
283111
3043
3045
3047
3048
3046
79339
79345
282763
390058
390059
390061
390063
390064
390066
50613
143630
390067
340980
445372
53840
387748
390072
390075
79473
390077
390078
390079
390081
390083
390084
338751
120793
120796
196335
255725
120787
160298
1262
887
338755
144125
8590
144124
341276
283297
120776
120775
7761
338323
27288
143425
283298
341277
120065
120066
390093
26496
338322
56673
56676
100463486
10894
10335
5741
796
797
387755
4654
3746
7166
117195
117196
100528017
6291
3948
160287
283284
84867
259249
117194
8048
120237
9152
4745
57084
2620
100500938
338645
63982
143662
159963
387758
8424
3739
2488
744
341019
5080
4005
2001
25891
5897
57689
387763
390110
8534
143678
90993
6688
5913
399888
114900
119765
119764
390113
256148
256144
403257
403253
283116
646754
2346
283092
283093
81318
119749
79097
81327
81328
81309
219428
219429
81300
219431
219432
390142
219436
219437
219438
26338
390144
84767
390148
10798
282770
338674
219447
120586
390151
390152
81168
219453
282775
219464
390154
390155
219469
219473
390157
219477
504189
219417
219479
390162
219482
219484
219487
390167
390168
338675
219493
390174
504191
283189
390181
219527
187
10394
5553
219537
710
643376
219956
219952
219954
219957
219958
219959
219960
81341
219965
441608
390190
390191
219968
1270
10249
219970
92292
219972
390195
219981
219982
219983
390197
219986
390199
390201
932
2206
64231
51338
245802
58475
84689
64232
931
54860
503497
219995
341116
11251
51296
923
921
643834
643847
5222
390205
9066
10648
4246
10647
4250
404552
7356
221091
2785
1128
9356
9376
283238
387601
387775
114571
85329
50801
55867
116085
170589
29907
387778
10089
5017
254122
1521
254187
1474
89792
254263
57124
266743
89
100526737
374403
5790
390212
57010
51475
347853
222
116512
116535
2249
2248
440050
57830
3846
387273
440051
245911
2352
2350
401
58473
25884
341152
100507050
283212
80168
7481
192134
4975
220032
100532726
65987
7069
220382
1740
220388
220047
2915
7299
50507
219595
390231
57093
642446
120146
642612
642623
10003
4544
387804
341208
10888
143689
390245
53942
5241
253935
9313
64066
4317
4319
4321
4322
414301
100506742
838
114769
440068
59082
2893
55531
6588
399947
57569
341032
5450
54766
399949
143903
3316
91894
56158
4684
255239
1813
80975
644672
9177
3359
7704
120400
54827
120406
116519
337
345
335
100533181
84000
3587
56649
6327
10205
916
915
917
143941
84866
11181
643
7379
283150
114902
83552
7070
25833
414899
56253
390259
390260
390261
338661
338662
219875
219874
219873
390264
219870
219869
390265
4013
26494
219865
283159
283160
26595
390271
283162
26493
219858
390275
116337
23584
54538
641654
220296
80071
219855
63876
56
160065
399967
100169851
399968
29118
2313
3758
3762
63970
8538
120224
50863
4978
219938
112937
27087
440073
4815
93589
775
83714
56341
8074
2251
3742
3736
3741
4908
57101
7450
939
57121
196500
920
83758
341392
283316
9332
339
9573
359787
170482
360030
79923
719
50856
440077
55138
93978
338339
26253
144568
2
5858
3820
160365
969
51348
100431172
387836
160364
51266
387837
283420
51267
64581
4973
120939
3824
22914
8302
3821
50837
50836
50835
5554
5554
50838
5555
259296
259294
259290
259292
259289
259293
353164
5544
5545
5542
653247
79370
55507
83445
2904
2984
420
4256
121506
5149
729025
55885
79785
5288
89869
93661
53919
3375
10060
6489
6660
196415
4033
55259
8082
728858
387849
100287284
341350
83857
441631
341359
225
283461
29951
80070
440097
55089
8909
1280
121275
23519
121273
341568
3906
7471
50846
5630
23017
359
362
363
121006
283471
25840
613227
1990
341405
94
160622
3889
3891
3890
3888
9119
3854
286887
3853
3852
112802
121391
140807
319101
3849
3848
374454
51350
3850
338785
196374
8435
121340
8620
3228
3222
4778
53831
121355
3071
5153
5502
90070
117159
118430
9840
58158
441639
121364
254783
283365
390321
254786
390323
403282
390326
341416
390327
403284
341418
121129
121130
4327
283375
319
121214
8608
11318
6866
3626
552
115749
11197
11213
3458
55801
50616
376132
8549
121278
29953
3747
256710
144321
283310
4618
4617
79611
8499
144448
25834
160419
100528030
196477
1833
11081
1634
338809
120935
196472
246213
160728
121599
4604
50511
5367
3479
5053
429
374470
55576
83468
5992
121549
9671
1240
338773
1610
55530
121643
283446
59341
84329
160762
4633
23316
1840
10993
64211
6910
8739
84530
160777
387890
5319
9478
8638
5027
283385
254050
386653
27198
84660
92293
144423
121256
11211
9271
23504
100507055
22953
647589
7278
93492
2700
10804
2254
6445
387911
338872
479
56163
219287
51761
387914
2835
6144
219409
3651
2322
2321
23281
84935
122046
122042
646799
9365
4081
54937
100526761
728591
8900
400120
122011
10631
7223
341640
161003
8600
144809
94240
387923
386618
283514
3356
57105
2862
115761
283518
220107
647174
83446
341676
5100
10562
122183
729240
729250
729246
729233
27253
64881
57626
1602
1910
114798
2262
1638
9071
266722
27199
140432
6564
2841
1880
9358
2259
196541
643677
6555
267012
728215
121793
6656
122258
2159
8858
496
6011
348013
440153
404785
641455
79334
441669
441670
390429
390431
79317
79544
81127
122740
390433
122742
390436
390437
390439
122748
390442
123103
338879
390443
122651
493901
341799
10876
64184
6039
6035
6037
6036
29986
122664
440163
84659
122665
390445
26533
26534
26686
122706
1053
100529063
10278
64806
116173
4624
4625
84502
9362
161247
283629
100528064
196883
11035
1215
1511
2999
3002
2290
2856
64067
84684
7080
6751
161198
145581
84075
140801
161357
145447
5729
283554
387332
5015
341880
387990
729665
6252
341883
317761
4990
161291
83851
27133
57381
122876
2100
145376
100529261
161142
145226
400224
56936
6554
6547
100529257
8747
8748
9628
399671
641372
338917
55237
646658
283571
10538
283576
58157
122945
145501
7253
8477
54207
56659
8111
57578
341947
145270
90050
57718
51156
256394
327657
145264
5267
5104
145258
9623
8115
84439
10858
283600
8788
388015
1735
81693
647286
374569
400258
388021
122618
727832
100996331
390538
283694
283767
653061
54551
4692
23742
6638
8926
2567
283768
100132565
653075
4308
161725
6263
1133
57369
70
145942
56924
644809
100131244
5330
644844
54866
161829
8681
100137049
123745
283748
255189
2038
9333
116179
25764
197135
140691
405753
90527
53905
80031
283652
399697
6557
2252
3067
373509
1588
342035
29106
10017
440279
145781
366
92483
27023
145741
388125
283807
51285
390594
9543
197021
246777
79400
196993
10002
338949
55889
123346
161514
4016
342096
57611
3671
1583
1543
1544
79748
594855
653643
161753
9051
646892
23205
55466
1381
5923
390616
100528021
342125
647042
6218
123722
53346
646
6457
57188
123624
176
6017
56964
145873
9899
8128
55784
283777
145814
170691
204219
390648
390649
26682
3050
3042
3040
3039
398
64714
283948
51764
30812
390664
25823
64499
7177
23430
390667
79652
3483
6123
146310
4917
752014
260429
360226
10942
124220
64063
9074
84891
4992
4210
4993
100463285
646174
197358
6345
51025
100529144
342346
9717
146556
54715
283953
2903
146279
780776
4261
7142
58531
5620
5619
608
729993
8399
255027
124274
2813
7369
204474
54988
123876
348158
116285
7783
10261
146183
255762
146177
9956
6340
6338
10595
63928
10368
343
9951
162083
50615
388228
728689
8663
55911
246778
6799
930
552900
654483
79008
548593
445329
6818
6693
283897
653808
146378
29895
146540
1489
5652
493829
260434
3681
1339
283933
51327
729355
24150
653550
91807
94160
869
123970
124460
64127
388276
79190
84290
6530
107987423
221223
84560
4504
4493
4499
4489
4490
4494
4495
4496
6559
1071
6367
6361
1258
374739
221191
1006
1009
1003
100529251
146225
766
283849
181
388284
123904
64180
64174
80004
283971
146433
54768
342372
3240
3250
83449
497190
440387
1504
4166
23563
85445
170692
57687
10143
83657
124359
93517
3294
1012
146167
123872
161931
93107
58189
9914
339145
3394
2294
763
27189
390748
1013
146429
11105
8447
727857
8386
4991
8390
26189
8383
4995
4994
8387
8392
8388
84690
443
5023
201305
124975
342527
84225
388323
100130311
2811
388325
23746
284111
54739
162517
83659
239
124944
255877
162515
10462
433
51087
339168
8711
57048
374768
643664
407977
8741
1973
482
146754
92162
9196
3000
247
22899
146852
643904
146849
388333
162387
146850
23533
201140
5957
8735
4626
4622
4619
4620
644139
388336
1770
93649
9955
146822
64518
284040
100533496
353149
51393
23495
645027
654346
80039
254272
10750
400581
4239
146802
284194
256223
100134444
100462977
645832
9058
8456
124925
1411
6532
388364
4974
2123
124912
6354
6356
6355
6357
6346
124842
146862
146861
55106
100506736
342618
91608
246176
146853
6352
57151
6360
6358
6359
6368
6362
6348
6351
414059
6349
6349
9560
414060
729877
101060321
284099
729873
84218
440435
388381
494188
390790
342667
4761
84152
5409
22806
124626
100505591
284110
1440
192666
147183
353288
342574
162605
3859
390792
125115
85293
83897
83895
728255
81850
81851
81872
728279
730755
85294
100132476
728224
100132386
653240
83755
81871
85289
84616
85290
85291
728318
83899
83900
83901
85280
81870
100533177
100505753
83902
3883
3884
3885
3881
8688
8687
3882
3886
8689
3860
3857
3861
2520
317719
94086
23415
3060
10266
2538
100885850
80755
4222
50964
146894
5539
5697
162417
6521
51751
1394
162540
246744
51326
7484
388394
4635
30009
8631
3211
2793
51225
11248
255061
1747
201191
6442
1101
124857
654364
56934
84643
55273
162282
26689
124538
8288
4025
4353
124535
22843
762
124773
146779
1636
81033
1443
2689
1442
1444
2688
974
6329
3384
5175
27091
786
54757
10350
23460
10349
6752
642843
64446
124602
388419
350383
11314
124599
10871
100131439
146723
342510
146722
283985
124590
92736
347741
100134934
1018
353174
2302
768206
100141515
283999
339221
79092
2642
116729
256933
255275
147111
924
6398
2837
79755
81035
1068
27098
116
9229
23136
645369
91133
79822
339291
84203
147495
1149
4161
4158
388468
374860
64693
59340
25925
143471
361
83539
1823
1828
147409
1830
147407
4225
57565
374864
80816
8715
56853
6014
6860
8170
6563
284266
125336
29906
497661
100526842
5596
83876
1630
147323
284254
284257
51046
2922
30062
339302
4160
28316
220441
5268
89777
5275
6318
6317
89778
5055
5273
284293
1005
220164
81832
644041
84735
2587
27164
26251
81099
51298
126567
284451
8174
3004
27006
566
1991
84634
126520
390874
126306
645191
2788
80032
126326
6915
84839
4145
23217
85300
27231
56961
126259
55620
440503
645432
148066
257062
2528
2525
2527
81616
125981
5623
284428
653656
125997
653657
126006
56729
2208
339390
30835
10332
100507588
6370
84467
84106
284382
284383
85509
94025
125963
390882
125962
390883
162998
125958
26648
100529215
7730
147741
50700
83854
692312
3386
7087
26526
1995
1264
54
126068
126069
126070
90594
7620
90592
284390
163059
729747
284391
7568
90589
147837
79973
163051
54831
7001
83546
10661
256126
199699
4066
79173
117579
5731
388512
26664
26659
390892
26333
26658
6511
126402
23581
126370
79852
64926
114770
126410
11283
26538
26532
284433
26539
126541
84941
117286
125972
284434
9002
83878
83483
115861
3640
6528
3780
3594
126364
1311
2657
4207
1463
404037
440515
56242
81931
91120
7643
90649
100129842
199777
7639
284443
353088
163227
7757
113835
163223
100287226
148198
57615
7652
388523
148213
730087
342865
9745
91646
11136
126248
56301
64377
284402
3249
5348
53822
148109
57817
4099
2864
2865
2867
388533
26330
495
2116
27033
126393
84063
10870
7305
728361
1346
84911
342892
388536
25850
374899
374900
390927
163115
83889
64073
199720
3963
3963
342897
342898
282617
101180976
282616
282618
9535
29124
148003
56891
1178
342900
148014
147746
8190
53916
112398
1548
1549
1555
1553
1572
374907
90273
1089
1087
1084
147719
63946
284340
1088
440533
5675
5676
5680
57126
83639
27076
390940
56269
342908
353355
125931
388551
23624
346
344
1158
2828
81492
339345
4858
8993
388555
374918
64344
83987
100506012
5739
94235
147906
27202
84215
284355
1406
6822
100131137
64100
54854
171169
2524
284358
54922
284359
26291
7288
3972
114336
114335
93659
94115
4909
3743
55150
3270
951
27120
147872
113091
60385
114132
400709
126123
6689
4606
554235
50944
2854
3816
55554
354
3817
9622
25818
5653
5650
11202
284366
11012
43849
26085
27180
27036
945
284369
402665
4818
3982
89790
27181
729767
89858
946
8778
100049587
3036
2358
2359
84765
65251
162962
162963
400713
84436
147658
147660
388558
55762
55769
162966
7576
90333
162967
100529240
125893
147664
100271846
55786
84671
79788
342926
317701
317703
503834
91662
441864
147798
11025
79168
10990
10288
11026
353514
23547
3903
148170
3904
11027
11024
10859
11006
115653
3804
3802
3805
3811
3809
3812
2204
9437
199713
51206
6861
284417
125965
284418
729956
646643
338321
342931
204801
147945
126204
126205
126206
85569
342933
63934
57573
90485
23619
5178
57663
114026
503835
6795
284307
201516
7710
147686
10172
147685
284312
7694
65982
7691
3803
3813
57292
553128
3810
3808
3802
100132285
54221
7173
23040
55821
6664
129607
91543
130813
23620
4613
729475
7447
343930
100526794
93034
151449
338
653140
5443
9381
150921
285126
84226
238
440854
58484
5212
391365
344387
165140
23498
64240
64241
6496
10736
388946
56660
286749
11036
3973
2492
9378
388951
129852
53335
25927
5341
554251
10887
27302
200504
56287
344018
165530
50489
79998
344022
1961
9027
51471
388960
3196
130951
6869
80059
130120
5968
5967
5068
1496
347730
1768
284948
6439
10578
926
729857
400966
5342
5343
150572
2168
55258
344167
200523
150483
4118
150696
653192
129868
150763
151
431705
1844
150771
90342
51252
7535
200403
1261
343990
254773
3899
129521
731220
8808
8807
389015
5455
653489
285190
60482
442038
27233
84220
729540
96626
55289
129804
727851
3552
3553
27178
56300
27179
27177
26525
84639
3557
57628
165257
6344
129684
2995
4648
2840
84084
728378
112714
653275
55997
344561
205147
445582
113457
554226
80122
3938
80731
11249
53353
55843
130576
7130
56475
3760
57471
130399
151531
92196
100526664
9936
4065
10716
57282
2641
2191
90134
151258
6326
80034
2591
6323
6332
129446
8708
57818
8647
4036
129881
151230
389058
1746
1134
344191
3239
3238
3236
3232
3231
7273
285025
151126
4760
2487
91752
401024
151112
1281
2660
100529241
25843
66037
5334
58538
65061
940
1493
29851
2825
391475
130749
1421
1420
1419
1418
389073
5746
285175
4632
2066
402117
7141
285180
3579
3577
151306
53632
7475
80326
54738
1412
3549
389075
1674
55515
5077
116255
79843
57624
56918
164781
80309
11262
9290
130560
10316
4880
248
9427
646960
1144
1146
3769
4759
6295
54576
54575
54579
54657
414061
6694
401036
79781
1293
51052
64284
10267
51540
389090
150681
150677
653437
375318
189
25992
129807
5133
245938
81623
140850
245939
140881
400830
6939
85508
51378
343637
400831
642636
27111
284759
128646
55423
5173
343641
117532
56265
128653
100288797
2797
5020
551
64096
80332
6614
23627
128674
164312
54363
24141
55304
80343
56914
5126
140836
58495
140856
57419
3642
644524
4821
5075
6754
22918
128817
140880
10047
128821
128822
1472
1473
92086
8530
245929
245930
117285
245932
245934
245936
245937
28954
84701
85366
2307
128853
164395
343702
140706
3055
284805
140732
80341
128859
359710
149954
140683
128861
51297
128864
170487
434
57644
128876
8200
140873
140894
84174
2691
85449
671
149685
343578
140679
90187
11122
149699
78997
140902
3787
149708
128488
6406
6407
8785
11317
27296
55861
10406
10816
140870
100526773
57119
90199
259240
140832
259239
280664
164237
391253
140686
7125
5360
57468
64405
55713
128506
81031
5740
387522
128553
55816
140689
4159
57091
140687
388799
23626
100462983
140690
5105
81030
128602
164284
81027
128611
116154
60437
11255
140893
140628
4923
1299
63910
128408
1137
3785
6725
8771
140701
140700
54345
2832
4661
7179
85319
317754
149998
54033
140578
5651
4685
58494
116159
11096
2897
26285
9073
643803
100131902
388818
643812
337963
337959
140258
337960
284827
254950
337882
337969
337970
337971
337972
337973
337974
100288287
337968
337967
337979
337966
337975
100151643
337976
337985
100288323
337978
337977
337879
337878
337880
728299
56246
56245
10215
116448
9992
3753
54102
23562
3772
2078
150084
5121
1826
54097
4600
7113
89766
7033
7032
64699
53347
1409
29947
326
54084
386677
386679
386682
386672
386680
386674
386675
386681
386676
353333
386678
386684
386683
353323
353332
386685
10841
84221
6285
23784
81061
150160
150165
128954
27443
83733
23617
2928
7122
2812
3053
6545
150221
440804
645426
7441
91227
100423062
3543
266747
150248
91319
4282
2953
653689
2952
2687
51733
440822
255349
1417
23544
1414
1413
25770
10633
5988
4744
164633
150280
5008
266629
730005
50487
25775
150297
6527
10738
254240
8224
91464
80831
80833
80832
10369
5816
4689
1439
339669
164656
3560
6753
5880
3957
8484
84645
6663
23539
3761
11144
200315
60489
150350
9402
113828
2847
150353
150356
27254
150365
440829
115650
150372
253190
80274
758
25830
150379
64098
553158
23779
7380
27127
10343
400935
23209
54456
55586
113730
644186
1375
1120
49
27255
152330
3568
57633
2917
859
375323
100526693
115795
51738
491
6538
6529
6854
2199
7476
84077
152273
117248
1618
6304
131096
151649
79750
116135
152098
339896
131405
1233
85443
50853
9940
6331
6336
11280
165904
1524
1237
4336
25924
956
131375
131377
57467
1582
389114
100506243
375337
55888
285349
115560
7047
7123
10803
10663
2829
1230
1232
729230
1234
4057
83597
79442
6997
259236
29122
4634
5745
820
646424
285231
440955
339834
7318
79012
2779
10991
2912
440956
401067
389123
389124
132141
118442
100526760
56920
7134
23166
3697
3699
389125
57408
26059
8820
142686
1776
11170
131177
55079
8618
132204
132203
132200
56203
60675
23024
5067
100288801
6092
5449
3355
2042
415117
200959
81050
26341
403273
403274
79295
79310
403278
403277
26339
402135
2838
1295
131368
84692
84666
50852
9626
27136
151871
55211
10225
79413
29114
257144
285335
4345
151888
344807
54762
1814
7634
201633
26137
2596
941
64091
89876
9515
503582
51725
3059
286676
942
846
165631
54437
54763
200810
152015
28999
131669
152065
166348
165721
57501
79825
2815
339122
100534599
90288
6010
7200
644974
256076
131873
66000
8419
6578
2047
8403
51208
51146
347736
729627
389151
389152
5948
287015
92369
131890
57047
389158
84107
7545
1360
1359
389161
7401
29909
9934
53829
64805
344752
344758
4311
7881
79674
654502
29970
29970
8706
131149
6476
22865
79740
5276
151790
151827
344657
344658
5010
57709
6514
389177
2693
83893
22871
254827
10242
51555
339829
23101
89857
200909
170572
285242
7066
8646
285382
3273
9370
132112
5648
64108
6750
344892
285386
131920
647309
344901
152138
344905
84239
1370
131578
2814
131540
200931
152687
255403
654254
5158
10815
3083
285489
133060
54360
152789
94031
27201
8532
3166
100287144
100287178
100287441
100287364
100287205
100287478
100287238
100288520
100287327
100287404
100287513
728373
728419
728386
728369
728379
728405
728393
728400
1816
116449
579
114905
83888
9079
645104
27146
9353
80333
57733
6649
55203
10568
886
401124
10744
399
55584
79730
8929
389206
152573
389207
386617
285525
2565
2555
170712
2557
2560
10699
1259
326340
80157
65997
84708
170825
3815
3791
132954
10874
132946
100506564
84525
6691
253017
2044
26228
2798
9407
339967
389208
132724
28983
7367
54490
574537
10941
27284
6783
1446
1447
6779
3347
3346
54959
260436
1448
85438
26952
10879
4589
401138
258
10117
2638
10886
9508
174
173
6372
5197
5196
5473
255324
5470
4283
419
3627
6373
100129583
100631383
339965
10563
84779
2712
56978
2250
651
153020
4825
345274
345275
8404
1834
1758
3381
56955
84992
100996939
22915
401145
2895
474
27306
5161
285555
127
124
125
131
84103
4547
27071
51705
150159
6870
54848
100507096
27123
51176
84570
10692
345193
63973
7368
64579
9348
51778
2169
84109
132332
132612
59067
83447
57575
132430
54510
7350
166752
2996
2994
2993
646603
5458
83894
4306
10586
345062
729830
201799
7097
285533
6423
54798
9227
166863
51802
2891
59350
152940
56884
84076
391712
166655
442117
11341
8001
11086
2823
132851
140458
53842
100132463
133121
391723
256309
8470
3818
2160
4543
132625
339976
448831
389257
6550
340024
348932
6531
50805
79192
134111
108
134121
9037
50834
1501
1016
1010
56979
1007
23037
51289
51151
114899
153657
64902
133690
133688
167127
202151
6507
2668
133584
735
730
133558
729
2690
100129792
56477
2255
348980
3670
8988
11082
3003
3001
166979
54514
79722
202309
115827
100130733
3350
285671
401190
4064
728340
8293
8293
6606
6606
9607
167465
134285
134288
256006
22987
170591
1393
23440
29958
23743
635
7060
84654
340120
1160
134526
92270
1404
10085
4208
134187
153643
285601
83890
167410
353189
133482
642987
85480
814
83942
3781
100302736
353376
1036
57556
340069
51334
94033
4015
93166
84466
613212
28965
171019
23305
3562
1437
8572
3567
3596
3565
645121
134548
497189
4762
9547
153328
3578
3950
57113
9499
27039
7478
8382
2676
26045
51237
641700
83697
404734
8637
56142
56141
56140
9752
56139
56136
29930
56132
56129
56127
56126
56124
83884
56112
56103
9708
56107
56106
56099
56105
26025
56098
56097
51294
57824
57528
643226
153770
5459
134391
202374
9832
6690
117156
389336
11005
408187
404203
153218
84651
643394
3360
27190
1436
5159
1044
6534
815
972
91977
345611
285641
153201
2196
6678
2741
56923
2890
9421
285643
153745
3702
408263
11063
100190949
3593
2172
114898
23120
2561
2559
2554
2566
57451
345630
2299
133874
3937
30820
3779
2568
30012
285588
133491
202134
285598
54825
6620
253314
3101
6569
345456
285596
5626
91522
80108
285676
2916
285679
646019
4056
92304
134083
79908
10917
26693
285659
3662
135458
222826
404220
51299
2162
9450
63915
9247
405754
221692
2766
401236
5617
154150
140767
353219
6568
10246
696
94026
81697
26212
222698
222696
257202
2880
26692
442184
442186
26707
442191
81696
81797
26529
26531
442194
26716
116511
7932
4340
80352
135644
10107
89870
202658
79897
389376
394263
100507679
29113
1041
170680
401250
4049
7124
4050
7940
259197
199
80741
259215
58530
80740
4439
401251
80736
100293534
720
721
1589
80863
80864
6048
56244
3122
3127
3123
3117
3119
3117
3120
3112
3111
3113
3115
4295
2914
100529239
29993
6954
222663
7287
389383
340204
1208
222662
116369
285848
51513
222659
57699
221476
221472
1769
2740
89822
83795
221458
23500
57497
222642
10930
340205
54209
79865
285852
54210
9436
4188
2978
5961
171558
84630
10864
401262
11131
441151
202500
221409
53405
22875
59084
10231
221400
7941
100287718
4224
221391
389396
7180
5232
167
245928
245927
245913
245915
83741
7021
5314
3605
112744
221357
2940
8521
90523
27283
222584
3062
389400
54511
653
202559
1310
1297
135152
22999
100129128
340168
154288
441161
55510
3617
3351
134701
3354
1081
375519
206412
81833
2569
2570
84694
10690
9457
114792
5454
59336
84539
6492
256380
7101
2830
728464
8528
85413
3910
442247
222537
1300
221303
222545
222546
245806
222553
5350
79632
2173
134829
10345
154215
23493
9729
387357
253582
154075
114801
100507203
383
5169
79541
643854
134860
83551
319100
9038
9287
134864
8876
55350
8875
6943
64577
340146
53832
116379
167826
59351
345930
167838
4829
153918
8676
2911
79747
353091
154064
2099
80177
7432
4988
26034
49861
50508
117289
84624
154197
4142
6582
4018
5340
135138
168090
285800
2853
401285
54346
83887
100128124
3834
79981
64094
7058
6991
3125
3126
54905
340260
392617
84433
56903
221938
654231
728194
222967
392862
30010
1607
4223
25928
100506049
221823
222894
256130
346389
340273
221833
256227
3569
4852
64111
3203
3205
2128
9865
1395
11185
2692
117
63974
10842
387129
313
353345
51314
273
11281
3624
2737
64951
100534592
285955
5224
165
58498
2645
816
64005
23148
10268
401335
256979
136288
154664
168448
375567
11055
10320
285877
222008
90827
441234
442319
730291
168417
728927
83698
135892
8468
375593
378108
442590
6369
10875
346562
3082
2913
222223
5244
154661
79689
219578
401387
257415
253012
799
2792
1278
1780
1750
1749
6863
4951
168620
4885
222865
26024
1551
1576
64816
81392
349149
563
79037
441272
100316904
26261
51412
2056
7455
140453
375607
346606
93408
729597
441273
375611
5649
375612
5294
2845
5172
154907
54674
54329
5506
93986
7472
136991
1080
56311
3751
79974
51384
5803
389549
168433
378925
50833
6561
154865
142685
442721
23553
6677
730130
2918
29999
5078
64101
3952
401399
84691
611
375616
1358
93979
1357
114960
136259
346673
26266
389558
136319
1129
5764
9162
136306
155006
154790
401409
494551
50831
50832
136242
130075
23601
5726
136541
100463482
5644
55503
56302
3792
135924
346517
259285
259286
1180
2041
338398
259287
135948
26211
135946
393046
392138
346525
442361
135941
100128553
445328
402317
346528
401427
7984
135935
202865
653857
65999
5919
155038
168537
55303
474344
26157
100527949
170575
55340
28959
55365
3757
4846
285973
2636
136371
349136
155051
168391
1804
3361
285888
7434
441308
9228
64478
285
389610
1671
1669
1667
728358
1668
1670
392188
100131980
1673
55894
55894
10407
503618
140596
245909
503841
245908
245908
245910
245910
653423
1673
100132396
392188
645836
203074
94137
203076
286046
83650
640
613210
613209
613211
728957
392197
377630
157773
137868
4481
26281
9108
10
4023
6570
11178
9046
10361
8822
6440
55124
1960
157310
137814
27299
8756
64641
148
81551
1135
5368
619373
100507341
29942
157855
137362
155
6770
389649
203100
8749
2515
3620
169355
157848
27121
1142
8973
340441
79645
54212
137902
9705
2831
4986
6101
114786
4342
5179
1581
9760
286183
27319
84675
100533105
23678
157777
286187
57094
80243
116328
23213
63978
2138
9312
157869
23643
56704
51050
5569
3574
11075
5375
646480
2167
646486
138046
759
761
85481
245972
157724
54714
168975
138009
4325
793
64168
115111
862
100861412
54845
392255
3788
286151
169166
79977
4956
79870
81501
1807
23414
137735
340419
7201
93035
114788
7227
441376
169026
10584
114569
5168
7373
84985
340359
5462
56169
114
729330
10086
137835
7038
6503
51059
51305
2843
389690
54742
57152
137797
2765
1584
1585
4062
338328
100130274
375686
83482
340393
441381
1761
58524
10655
169522
11172
6013
6013
80380
2315
90865
89882
7306
9350
158326
100129385
6456
92949
25769
3456
3467
3452
3441
3444
3446
3449
3451
3448
3442
3443
3447
3440
3445
3439
1029
1030
1993
100129669
64922
7010
54586
56832
158038
138474
401498
27290
27019
1271
138715
10850
6363
6366
259308
138724
27240
692094
392307
392309
646962
56656
881
5079
22844
647060
727830
727905
26165
349334
112267859
389730
84210
653404
653427
445571
220869
286380
169693
8395
5568
9413
138255
256691
80036
138240
117531
6096
442425
9630
389761
389762
389763
64078
4915
389766
2619
286234
441452
645961
158046
53358
10912
4920
4969
4958
54829
1842
445577
8789
2203
55363
1306
100526694
8577
229
116443
5535
1539
138805
138804
138803
138802
138799
392376
286362
286365
6887
10880
10881
23732
255220
4593
26248
552891
57864
138065
5004
5005
944
254956
26468
347168
26740
26219
138883
138882
138881
158131
347169
26737
26735
254973
392390
392391
392392
2516
401551
23452
158248
10044
2022
254295
375759
347148
56751
8328
29989
28
9719
642968
1621
1757
2220
2219
157927
3933
29991
5047
360203
392399
402381
57582
414332
158062
138307
389812
5730
401562
401563
2529
2902
142680
401565
377841
6473
64109
3563
286530
438
7499
347527
416
25878
57502
51481
26609
51480
425054
171482
171483
4935
395
265
9758
51284
51311
171484
92552
25975
2824
2742
140456
660
2925
795
10742
139105
6247
257240
23676
168400
139411
254158
9468
286514
158809
347541
347442
139422
139425
11141
4113
4114
4115
4112
80231
53940
1756
158724
170062
139604
442444
347404
1536
5009
347411
60506
2857
27197
4129
4693
63904
9104
7712
5199
389852
729201
6758
6756
10214
548313
6759
92745
392465
2623
3266
6855
778
102724473
26749
645051
729428
645037
2574
100132399
729431
729442
729422
2576
2543
8712
9506
8852
139189
57477
9210
170685
728239
81557
9502
653067
653220
280658
6757
727837
494197
170627
170626
727866
54328
65267
5207
212
389860
203569
100463488
90737
139793
139628
11279
54466
142689
340554
11326
9843
158835
139562
347516
158833
5030
407
347517
54857
56159
84889
158830
2833
100130361
100132994
4435
63947
728656
645974
340529
1046
389874
158866
139599
8823
441531
10800
2846
27334
84636
9452
50945
5456
1538
340562
117154
53336
90316
140886
27328
29935
57526
64102
402415
392509
695
100529097
3188
100131755
51309
9823
55998
140597
158931
340542
56001
728343
11013
114928
282808
55859
56000
340543
56849
142684
203562
5354
51209
286527
644353
80712
26280
56157
203447
6906
92129
139212
56156
8471
2986
91851
5063
827
1641
7224
100329135
340596
3358
3598
57631
139804
51213
186
11254
90293
170261
57481
347454
158798
727940
84528
158800
23439
643311
728042
728082
728096
728036
255313
100507170
728090
728049
728072
728075
255313
653282
2892
4068
10178
340578
139170
139741
7512
54440
9363
139760
158763
347468
90167
55796
83844
51270
2239
2719
347475
644538
541466
728911
441519
441521
541465
55511
680
51442
959
9459
83550
7547
2258
2158
4168
347487
6658
728695
64663
728712
30014
64648
139081
9947
51438
441525
139067
139065
494119
389898
494118
84631
100129239
100133053
158521
2334
728269
4108
100130086
100506164
4110
4107
9248
139135
79057
89885
1260
4103
100533997
4109
2556
4105
389903
4101
266740
4111
158511
4102
114824
84968
4100
139735
633
492
554
5956
728458
2652
1527
8277
246100
1485
30848
139716
100132963
474384
474383
3581
6736
7544
90655
83259
64591
266
90665
728395
728403
728137
7258
9087
353513
9084
22829
9082
353515
203611
9426
159119
86614
140032
378948
5940
378950
378949
442862
9081
159163
378951
442868
442867
9083
1617
57135
57054
57055
253175
9085