1
2
9
10
12
13
14
15
16
18
19
20
21
22
23
24
25
26
27
28
29
30
32
33
34
35
36
38
39
40
41
43
48
49
50
53
54
55
56
58
59
60
70
71
72
81
86
87
88
89
90
91
92
93
94
95
97
98
100
101
102
103
105
107
108
109
111
112
113
114
115
116
117
119
120
123
124
125
126
127
128
130
131
132
133
134
135
136
141
142
143
146
147
148
150
151
152
153
154
155
156
157
158
159
160
161
162
163
164
165
166
167
173
174
175
176
177
178
181
182
183
185
186
187
189
190
191
196
197
199
202
203
205
210
211
212
214
219
220
221
222
223
224
225
226
229
230
238
239
240
241
242
246
247
248
249
250
251
257
258
259
262
265
266
267
268
269
270
272
273
275
276
277
278
279
280
283
284
285
286
287
288
290
291
292
293
302
306
307
308
310
311
312
313
314
316
317
318
319
320
321
322
323
324
325
326
327
328
329
330
332
333
334
335
336
337
339
341
343
344
345
347
348
350
351
353
354
355
356
357
358
359
360
361
362
363
364
366
367
368
369
372
373
374
375
377
378
379
381
382
383
384
387
388
389
390
391
392
393
394
395
396
397
398
399
400
401
402
403
405
406
407
408
409
410
411
412
414
415
416
417
419
420
421
427
429
430
432
433
434
435
438
439
440
443
445
460
462
463
466
467
468
472
473
474
475
476
477
478
479
480
481
482
483
484
486
487
488
489
490
491
492
493
495
496
498
501
506
509
514
515
516
517
518
521
522
523
525
526
527
528
529
533
534
535
537
538
539
540
545
547
549
550
551
552
553
554
558
563
566
567
570
571
572
573
575
576
577
578
579
580
581
582
583
585
586
587
590
593
594
595
596
597
598
599
602
604
605
607
608
610
611
613
617
622
623
624
627
629
631
632
633
634
635
636
638
639
640
641
642
643
644
645
646
648
649
650
651
652
653
654
655
656
657
658
659
660
661
662
663
664
665
666
667
668
669
670
671
672
673
675
676
677
678
680
683
685
686
687
688
689
690
694
695
696
699
705
706
708
710
712
713
714
715
716
717
718
719
720
721
722
725
726
727
728
729
730
731
732
733
734
735
738
740
741
744
745
746
747
753
754
755
757
758
759
760
761
762
763
765
766
767
768
770
771
773
774
775
776
777
778
779
780
781
782
783
784
785
786
788
790
793
794
795
796
797
799
801
805
808
810
811
813
814
815
816
817
818
819
820
821
823
824
825
826
827
828
829
830
832
833
834
835
836
837
838
839
840
841
842
843
844
845
846
858
859
860
861
862
863
864
866
867
868
869
871
873
874
881
886
887
889
890
891
892
894
896
898
899
900
901
902
904
905
908
909
910
911
912
913
914
915
916
917
919
920
921
922
923
924
925
926
927
928
929
930
931
932
933
939
940
941
942
943
944
945
946
947
948
949
950
951
952
953
954
955
956
957
958
959
962
963
965
967
968
969
970
971
973
974
975
976
978
983
984
987
988
989
990
991
993
994
995
996
997
998
999
1000
1001
1002
1003
1004
1005
1006
1007
1008
1009
1010
1012
1013
1014
1016
1017
1018
1021
1022
1024
1025
1026
1027
1028
1029
1030
1031
1032
1033
1036
1039
1040
1041
1043
1044
1045
1046
1047
1048
1050
1051
1052
1053
1054
1056
1059
1060
1062
1066
1068
1069
1070
1071
1072
1073
1075
1080
1081
1082
1084
1087
1088
1089
1101
1102
1103
1105
1106
1107
1108
1109
1111
1112
1113
1114
1116
1117
1118
1119
1120
1121
1122
1123
1124
1128
1129
1130
1131
1132
1133
1134
1135
1136
1137
1138
1139
1140
1141
1142
1143
1144
1145
1146
1147
1149
1152
1153
1154
1155
1158
1159
1160
1161
1163
1164
1174
1175
1176
1178
1179
1180
1181
1182
1183
1184
1185
1186
1187
1188
1193
1195
1196
1198
1200
1201
1203
1207
1208
1209
1211
1212
1213
1215
1230
1232
1233
1234
1235
1236
1237
1238
1240
1241
1244
1258
1259
1260
1261
1262
1263
1264
1265
1266
1267
1268
1269
1270
1271
1272
1277
1278
1280
1281
1282
1284
1285
1286
1287
1288
1290
1291
1292
1293
1294
1295
1296
1297
1298
1299
1300
1301
1302
1303
1305
1306
1307
1308
1310
1311
1312
1314
1315
1316
1317
1318
1325
1326
1327
1329
1337
1339
1345
1346
1347
1349
1350
1351
1352
1353
1355
1356
1357
1358
1359
1360
1361
1362
1363
1364
1365
1366
1369
1370
1371
1374
1375
1376
1378
1379
1380
1381
1382
1384
1385
1386
1387
1388
1389
1390
1392
1393
1394
1394
1395
1396
1397
1398
1399
1400
1401
1404
1406
1407
1408
1409
1411
1412
1413
1414
1415
1416
1417
1418
1419
1420
1421
1427
1428
1429
1431
1432
1434
1435
1436
1437
1438
1439
1440
1441
1442
1443
1444
1445
1446
1447
1448
1452
1453
1454
1455
1457
1459
1460
1462
1463
1464
1468
1469
1470
1472
1473
1474
1475
1476
1477
1478
1479
1482
1485
1486
1487
1488
1489
1490
1491
1493
1495
1497
1499
1500
1501
1503
1504
1506
1508
1510
1511
1512
1513
1514
1515
1519
1520
1521
1523
1524
1525
1528
1534
1535
1536
1537
1538
1539
1540
1543
1544
1545
1548
1549
1551
1553
1555
1557
1558
1559
1562
1564
1565
1571
1572
1573
1576
1577
1579
1580
1581
1582
1583
1584
1585
1586
1588
1589
1591
1592
1593
1594
1595
1600
1603
1605
1606
1607
1608
1609
1610
1611
1612
1613
1616
1617
1618
1620
1621
1628
1629
1630
1633
1634
1635
1636
1638
1639
1641
1642
1643
1644
1645
1646
1647
1649
1650
1653
1654
1655
1656
1657
1659
1660
1662
1663
1665
1666
1667
1668
1669
1670
1671
1672
1673
1673
1674
1675
1676
1677
1687
1690
1716
1717
1718
1719
1723
1725
1728
1729
1730
1731
1733
1734
1735
1736
1737
1738
1739
1740
1741
1742
1743
1745
1746
1747
1748
1749
1750
1755
1756
1757
1758
1759
1760
1761
1762
1763
1767
1768
1769
1770
1773
1774
1775
1776
1777
1778
1780
1781
1783
1785
1786
1787
1788
1789
1791
1793
1794
1795
1796
1797
1798
1800
1801
1802
1803
1804
1805
1806
1807
1808
1809
1810
1811
1812
1813
1814
1815
1816
1819
1820
1821
1822
1823
1824
1825
1826
1827
1828
1829
1830
1831
1832
1833
1834
1837
1838
1839
1840
1841
1842
1843
1844
1845
1846
1847
1848
1849
1850
1852
1855
1856
1857
1859
1861
1869
1870
1871
1874
1875
1876
1877
1879
1880
1890
1892
1893
1894
1896
1901
1902
1903
1906
1907
1908
1909
1910
1911
1912
1915
1917
1933
1936
1937
1938
1939
1942
1943
1944
1945
1946
1947
1948
1949
1950
1951
1952
1953
1954
1955
1956
1958
1959
1960
1961
1962
1964
1965
1967
1968
1969
1973
1974
1975
1977
1978
1979
1981
1982
1983
1990
1991
1992
1993
1994
1995
1996
1997
1998
1999
2000
2001
2002
2004
2005
2006
2009
2010
2011
2012
2013
2014
2015
2016
2017
2018
2019
2020
2021
2022
2023
2026
2027
2028
2029
2030
2033
2034
2035
2036
2037
2038
2039
2041
2042
2043
2044
2045
2046
2047
2048
2049
2050
2051
2053
2054
2055
2056
2057
2058
2059
2060
2063
2064
2065
2066
2067
2069
2070
2071
2072
2073
2074
2077
2078
2079
2081
2086
2091
2098
2099
2100
2101
2103
2104
2108
2109
2110
2113
2114
2115
2116
2117
2118
2119
2120
2121
2122
2123
2124
2125
2128
2130
2131
2132
2134
2135
2137
2138
2139
2140
2145
2146
2147
2149
2150
2151
2152
2155
2157
2158
2159
2160
2161
2162
2165
2166
2167
2169
2170
2172
2173
2175
2176
2178
2180
2181
2182
2184
2185
2187
2188
2189
2191
2193
2194
2195
2196
2197
2199
2200
2201
2202
2203
2204
2205
2206
2207
2208
2209
2210
2212
2213
2214
2215
2217
2218
2219
2220
2222
2224
2230
2232
2235
2237
2239
2241
2242
2243
2244
2245
2246
2247
2248
2249
2250
2251
2252
2253
2254
2255
2256
2257
2258
2259
2260
2261
2262
2263
2264
2266
2267
2268
2271
2272
2273
2275
2277
2280
2281
2286
2287
2290
2294
2295
2296
2297
2298
2299
2300
2301
2302
2303
2304
2305
2306
2307
2308
2309
2310
2312
2313
2314
2315
2316
2317
2318
2319
2321
2322
2323
2324
2326
2327
2328
2329
2330
2331
2332
2334
2335
2339
2342
2346
2350
2352
2353
2354
2355
2356
2357
2358
2359
2444
2475
2483
2487
2488
2491
2492
2494
2495
2512
2515
2516
2517
2519
2520
2521
2523
2524
2525
2526
2527
2528
2529
2530
2531
2532
2533
2534
2535
2537
2538
2542
2543
2547
2548
2549
2550
2553
2554
2555
2556
2557
2558
2559
2560
2561
2562
2563
2564
2565
2566
2567
2568
2569
2570
2571
2572
2574
2576
2580
2581
2582
2583
2584
2585
2587
2588
2589
2591
2592
2593
2595
2596
2597
2615
2617
2618
2619
2620
2621
2622
2623
2624
2625
2626
2627
2628
2629
2631
2634
2635
2636
2637
2638
2639
2641
2642
2643
2644
2645
2646
2647
2648
2649
2650
2651
2653
2657
2660
2661
2664
2665
2668
2669
2670
2671
2672
2673
2674
2675
2676
2677
2678
2683
2686
2687
2688
2689
2690
2691
2692
2693
2694
2695
2696
2697
2700
2701
2703
2705
2706
2707
2709
2710
2712
2717
2719
2720
2729
2731
2733
2734
2735
2736
2737
2738
2739
2740
2741
2742
2743
2744
2745
2746
2747
2752
2760
2764
2765
2766
2767
2768
2769
2770
2771
2773
2774
2775
2776
2778
2779
2780
2781
2782
2783
2784
2785
2786
2787
2788
2790
2791
2792
2793
2794
2796
2797
2798
2799
2800
2802
2803
2804
2805
2806
2810
2811
2812
2813
2814
2815
2817
2819
2820
2821
2822
2823
2824
2825
2826
2827
2828
2829
2830
2831
2832
2833
2834
2835
2837
2838
2840
2841
2842
2843
2844
2845
2846
2847
2848
2849
2850
2852
2853
2854
2856
2857
2859
2861
2862
2863
2864
2865
2866
2867
2868
2869
2870
2872
2873
2874
2875
2876
2877
2878
2879
2880
2882
2885
2886
2887
2888
2889
2890
2891
2892
2893
2894
2895
2896
2897
2898
2899
2900
2901
2902
2903
2905
2906
2907
2908
2909
2911
2912
2913
2914
2915
2916
2917
2918
2919
2920
2921
2922
2923
2925
2926
2928
2931
2932
2934
2935
2936
2937
2938
2939
2940
2941
2946
2948
2949
2950
2953
2954
2956
2958
2960
2961
2962
2963
2965
2966
2967
2968
2971
2972
2974
2975
2976
2977
2978
2979
2980
2981
2982
2983
2984
2986
2990
2992
2993
2994
2995
2996
2997
2998
2999
3000
3001
3002
3003
3004
3005
3006
3007
3008
3009
3010
3013
3014
3015
3017
3020
3021
3024
3026
3028
3029
3030
3032
3033
3034
3035
3036
3037
3038
3039
3040
3042
3043
3045
3046
3047
3048
3049
3050
3052
3053
3054
3055
3059
3060
3061
3062
3064
3065
3066
3067
3068
3069
3070
3071
3073
3074
3075
3077
3078
3080
3081
3082
3083
3084
3087
3090
3091
3092
3093
3094
3096
3097
3098
3099
3101
3104
3105
3106
3107
3108
3109
3110
3111
3112
3113
3115
3117
3117
3119
3120
3122
3123
3127
3131
3133
3134
3135
3140
3141
3142
3145
3146
3148
3149
3150
3151
3155
3156
3157
3158
3161
3162
3163
3164
3166
3167
3169
3170
3171
3172
3174
3175
3177
3178
3181
3182
3183
3184
3185
3187
3188
3189
3190
3191
3192
3195
3196
3198
3199
3200
3201
3202
3203
3204
3205
3206
3207
3208
3209
3211
3212
3213
3214
3215
3216
3217
3218
3219
3221
3222
3223
3224
3225
3226
3227
3228
3229
3231
3232
3233
3234
3235
3236
3237
3238
3239
3240
3242
3248
3249
3250
3251
3257
3263
3265
3266
3267
3269
3270
3273
3274
3275
3276
3280
3281
3283
3284
3290
3291
3292
3293
3294
3295
3297
3298
3299
3300
3301
3303
3304
3305
3306
3308
3309
3310
3312
3313
3316
3320
3321
3326
3329
3336
3337
3338
3339
3340
3344
3346
3347
3350
3351
3352
3354
3355
3356
3357
3358
3359
3360
3361
3362
3363
3364
3371
3373
3375
3381
3382
3383
3384
3385
3386
3394
3396
3397
3398
3399
3400
3416
3417
3418
3419
3420
3421
3422
3423
3425
3426
3428
3429
3431
3433
3434
3437
3439
3440
3441
3442
3443
3444
3445
3446
3447
3448
3449
3451
3452
3454
3455
3456
3458
3459
3460
3467
3475
3479
3480
3483
3484
3485
3486
3487
3488
3489
3490
3508
3512
3516
3543
3547
3549
3550
3551
3552
3553
3554
3556
3557
3558
3559
3560
3561
3562
3563
3565
3566
3567
3568
3570
3572
3574
3575
3576
3577
3578
3579
3581
3586
3587
3588
3589
3590
3592
3593
3594
3595
3596
3597
3598
3600
3601
3603
3604
3605
3607
3608
3609
3611
3612
3613
3615
3617
3619
3620
3621
3622
3623
3624
3625
3626
3627
3628
3630
3631
3632
3633
3635
3636
3638
3640
3641
3642
3643
3645
3651
3652
3654
3655
3656
3658
3659
3660
3661
3662
3663
3664
3665
3667
3669
3670
3671
3673
3674
3676
3679
3680
3681
3682
3683
3684
3687
3689
3690
3691
3692
3693
3694
3695
3696
3697
3698
3699
3700
3702
3703
3704
3705
3707
3708
3709
3710
3712
3713
3714
3716
3717
3718
3720
3725
3727
3728
3730
3732
3735
3736
3737
3738
3739
3741
3742
3742
3743
3744
3745
3746
3747
3748
3749
3750
3751
3752
3753
3754
3755
3756
3757
3758
3759
3760
3761
3762
3763
3764
3765
3766
3767
3768
3769
3770
3772
3773
3775
3776
3777
3778
3779
3780
3781
3782
3783
3784
3785
3786
3787
3788
3790
3791
3792
3795
3796
3797
3798
3799
3800
3801
3802
3804
3805
3809
3811
3812
3814
3815
3816
3817
3818
3820
3821
3822
3823
3824
3827
3831
3833
3834
3835
3836
3837
3838
3839
3840
3841
3842
3843
3845
3846
3848
3849
3850
3851
3852
3853
3854
3855
3856
3857
3858
3859
3860
3861
3866
3868
3872
3875
3880
3881
3882
3883
3884
3885
3886
3887
3888
3889
3890
3891
3892
3898
3899
3902
3903
3904
3906
3908
3909
3910
3911
3912
3913
3914
3916
3918
3921
3925
3927
3929
3930
3931
3932
3933
3934
3936
3937
3938
3939
3945
3948
3949
3950
3952
3953
3954
3955
3957
3958
3959
3960
3963
3963
3964
3965
3972
3973
3976
3977
3978
3980
3981
3982
3983
3984
3985
3987
3988
3990
3991
3992
3993
3995
3996
3998
4000
4001
4004
4005
4007
4008
4009
4010
4012
4013
4014
4015
4016
4017
4018
4025
4026
4033
4034
4035
4036
4037
4038
4040
4041
4043
4045
4046
4047
4048
4049
4050
4051
4052
4053
4054
4055
4056
4057
4058
4059
4060
4061
4062
4063
4064
4065
4066
4067
4068
4069
4070
4071
4072
4074
4076
4077
4081
4084
4085
4086
4087
4088
4090
4091
4092
4093
4094
4097
4099
4100
4102
4103
4105
4107
4108
4109
4110
4111
4112
4113
4114
4115
4116
4117
4118
4121
4122
4123
4124
4125
4126
4128
4129
4130
4133
4134
4135
4137
4139
4140
4141
4142
4143
4144
4145
4146
4147
4148
4149
4150
4151
4152
4153
4154
4155
4157
4158
4159
4160
4161
4163
4166
4168
4170
4171
4172
4173
4174
4175
4176
4179
4184
4185
4188
4189
4190
4191
4192
4193
4194
4199
4200
4201
4204
4205
4207
4207
4208
4209
4210
4211
4212
4214
4215
4216
4217
4218
4222
4223
4224
4225
4232
4233
4234
4236
4237
4238
4239
4240
4241
4242
4245
4246
4247
4248
4249
4250
4253
4254
4255
4256
4257
4258
4259
4261
4267
4277
4281
4283
4284
4285
4286
4287
4288
4289
4291
4293
4294
4295
4296
4297
4298
4299
4300
4303
4306
4308
4311
4317
4319
4322
4324
4325
4326
4327
4329
4330
4331
4332
4335
4336
4337
4338
4340
4342
4343
4345
4350
4351
4352
4353
4354
4355
4356
4357
4358
4359
4361
4363
4430
4435
4437
4438
4439
4440
4478
4481
4482
4485
4486
4487
4488
4489
4490
4493
4494
4495
4496
4499
4501
4502
4504
4507
4508
4509
4512
4513
4514
4515
4519
4520
4521
4522
4524
4528
4535
4536
4537
4538
4539
4540
4541
4542
4543
4544
4547
4548
4580
4582
4583
4584
4585
4586
4588
4589
4591
4593
4594
4595
4597
4598
4599
4600
4601
4602
4603
4604
4605
4606
4607
4608
4609
4610
4613
4615
4616
4617
4618
4619
4620
4621
4622
4624
4625
4626
4627
4628
4629
4632
4633
4634
4635
4636
4637
4638
4640
4641
4643
4644
4645
4646
4647
4648
4649
4650
4651
4653
4654
4656
4659
4660
4661
4664
4665
4666
4668
4669
4670
4671
4673
4674
4675
4676
4677
4678
4681
4682
4683
4684
4685
4688
4689
4690
4691
4692
4693
4694
4695
4696
4697
4700
4702
4703
4704
4706
4707
4708
4709
4710
4711
4712
4713
4714
4715
4716
4717
4718
4719
4720
4722
4723
4724
4725
4726
4728
4729
4731
4733
4734
4735
4736
4738
4739
4741
4744
4745
4750
4751
4752
4753
4756
4758
4759
4760
4761
4762
4763
4771
4772
4773
4774
4775
4776
4778
4779
4780
4781
4782
4783
4784
4791
4792
4793
4794
4795
4796
4798
4799
4800
4801
4802
4803
4804
4807
4808
4809
4810
4811
4814
4815
4817
4818
4820
4821
4824
4825
4826
4828
4829
4830
4831
4832
4833
4835
4836
4837
4838
4839
4841
4842
4843
4846
4848
4849
4850
4851
4852
4854
4855
4856
4857
4858
4860
4861
4862
4863
4864
4867
4868
4869
4878
4879
4880
4881
4882
4883
4884
4885
4886
4887
4889
4891
4892
4893
4897
4898
4899
4900
4901
4902
4904
4905
4907
4908
4909
4913
4914
4915
4916
4917
4919
4920
4921
4922
4923
4924
4925
4926
4927
4929
4931
4935
4938
4939
4940
4942
4943
4946
4947
4948
4951
4952
4953
4956
4957
4958
4967
4968
4969
4973
4974
4975
4976
4978
4982
4983
4985
4986
4987
4988
4990
4991
4992
4992
4993
4994
4995
4998
4999
5000
5001
5002
5003
5004
5005
5007
5008
5009
5010
5013
5015
5016
5017
5018
5020
5021
5023
5024
5025
5026
5027
5028
5029
5030
5031
5032
5033
5034
5036
5037
5042
5045
5046
5047
5049
5050
5051
5052
5053
5054
5055
5062
5063
5064
5066
5067
5068
5069
5071
5073
5075
5076
5077
5078
5079
5080
5081
5083
5087
5089
5090
5092
5093
5094
5095
5096
5097
5098
5099
5100
5101
5104
5105
5106
5108
5110
5111
5116
5118
5119
5121
5122
5125
5126
5127
5128
5129
5130
5132
5133
5134
5136
5137
5138
5140
5141
5142
5143
5145
5146
5147
5148
5149
5150
5151
5152
5153
5154
5155
5156
5157
5158
5159
5161
5162
5163
5164
5165
5166
5167
5168
5169
5170
5172
5173
5174
5176
5178
5179
5184
5187
5188
5189
5190
5191
5192
5193
5194
5195
5196
5197
5198
5199
5201
5202
5204
5205
5207
5208
5209
5210
5211
5212
5213
5214
5216
5217
5218
5222
5223
5224
5225
5228
5229
5230
5232
5238
5239
5241
5243
5244
5245
5250
5251
5252
5253
5255
5256
5257
5260
5264
5265
5266
5267
5269
5270
5271
5272
5273
5274
5275
5276
5277
5279
5281
5283
5284
5286
5287
5288
5289
5290
5292
5293
5294
5295
5296
5297
5298
5300
5303
5304
5305
5306
5307
5308
5309
5310
5311
5313
5314
5316
5317
5319
5320
5322
5324
5325
5326
5327
5328
5329
5330
5331
5332
5333
5334
5335
5336
5337
5338
5339
5340
5341
5342
5343
5345
5346
5347
5348
5349
5350
5354
5355
5356
5357
5358
5359
5360
5361
5362
5364
5365
5366
5367
5368
5371
5372
5373
5375
5376
5378
5379
5382
5383
5387
5393
5394
5395
5396
5406
5407
5409
5411
5412
5413
5414
5422
5423
5424
5425
5426
5427
5428
5429
5430
5431
5432
5433
5434
5435
5436
5437
5438
5439
5440
5441
5442
5443
5444
5445
5446
5447
5449
5450
5451
5452
5453
5454
5455
5456
5457
5458
5459
5460
5462
5463
5464
5465
5467
5468
5469
5470
5473
5475
5476
5478
5479
5480
5481
5493
5494
5495
5496
5498
5499
5500
5501
5502
5504
5506
5507
5509
5511
5514
5515
5516
5518
5519
5520
5521
5522
5523
5524
5525
5526
5527
5528
5529
5530
5531
5532
5533
5534
5535
5536
5537
5538
5539
5540
5542
5544
5545
5546
5547
5549
5550
5551
5552
5553
5554
5554
5555
5557
5562
5563
5564
5565
5566
5567
5568
5569
5570
5571
5573
5575
5576
5577
5578
5579
5580
5581
5582
5583
5584
5585
5586
5587
5588
5589
5590
5592
5593
5595
5596
5597
5598
5599
5600
5601
5602
5603
5604
5605
5606
5607
5608
5609
5610
5611
5612
5613
5616
5617
5618
5619
5620
5621
5623
5624
5625
5626
5627
5629
5630
5635
5636
5638
5639
5641
5644
5646
5648
5649
5650
5651
5652
5653
5654
5655
5657
5660
5662
5663
5664
5669
5670
5671
5672
5673
5675
5676
5678
5680
5681
5682
5683
5684
5686
5687
5688
5689
5690
5692
5693
5695
5696
5697
5699
5700
5701
5702
5704
5705
5706
5707
5708
5709
5711
5713
5714
5715
5716
5717
5718
5719
5720
5721
5723
5724
5725
5726
5727
5728
5729
5730
5731
5732
5733
5734
5737
5738
5739
5740
5741
5742
5743
5744
5745
5746
5753
5754
5756
5757
5763
5764
5768
5770
5771
5774
5775
5777
5778
5780
5781
5783
5784
5786
5787
5788
5789
5790
5791
5792
5793
5794
5796
5797
5798
5799
5800
5801
5802
5803
5806
5810
5813
5814
5816
5817
5818
5819
5822
5824
5825
5826
5827
5828
5829
5830
5831
5832
5833
5834
5836
5837
5858
5859
5860
5861
5862
5863
5864
5865
5866
5867
5868
5869
5870
5871
5872
5873
5874
5875
5876
5877
5878
5880
5881
5883
5884
5887
5888
5889
5890
5891
5892
5893
5894
5896
5897
5898
5899
5900
5901
5902
5903
5905
5906
5908
5909
5911
5912
5913
5914
5915
5916
5917
5918
5919
5920
5921
5922
5923
5924
5926
5927
5928
5929
5930
5931
5932
5933
5934
5935
5936
5937
5939
5940
5947
5948
5950
5955
5956
5957
5959
5961
5962
5965
5966
5967
5968
5970
5971
5972
5973
5976
5977
5978
5979
5980
5981
5982
5983
5984
5985
5986
5987
5988
5989
5990
5991
5992
5993
5994
5995
5996
5997
5998
5999
6000
6001
6002
6003
6004
6005
6006
6007
6009
6010
6011
6013
6013
6014
6015
6016
6017
6018
6035
6036
6037
6039
6041
6045
6046
6047
6048
6049
6050
6059
6091
6092
6093
6094
6095
6096
6097
6098
6100
6101
6102
6103
6117
6118
6119
6120
6121
6122
6123
6124
6125
6128
6132
6133
6134
6135
6136
6137
6138
6139
6142
6143
6144
6146
6147
6150
6152
6154
6155
6156
6157
6158
6160
6161
6165
6166
6167
6168
6169
6170
6171
6173
6176
6182
6183
6184
6185
6187
6188
6189
6191
6192
6193
6194
6195
6196
6197
6198
6199
6201
6202
6203
6204
6205
6206
6207
6208
6209
6210
6217
6218
6222
6224
6227
6228
6229
6230
6231
6232
6233
6234
6235
6236
6237
6238
6239
6241
6242
6247
6248
6249
6252
6253
6256
6257
6258
6259
6261
6262
6263
6271
6272
6273
6274
6276
6277
6278
6279
6280
6282
6283
6285
6286
6288
6289
6291
6293
6294
6295
6296
6297
6299
6300
6301
6302
6303
6304
6305
6307
6309
6310
6311
6314
6317
6318
6319
6320
6322
6323
6324
6326
6327
6328
6329
6330
6331
6332
6334
6335
6336
6337
6338
6339
6340
6341
6343
6344
6345
6346
6347
6348
6354
6355
6356
6357
6361
6362
6363
6364
6366
6367
6369
6370
6372
6373
6374
6375
6376
6383
6385
6386
6387
6388
6390
6391
6392
6396
6397
6398
6399
6400
6401
6402
6403
6404
6405
6406
6407
6414
6415
6416
6418
6419
6421
6422
6423
6424
6425
6426
6427
6428
6429
6430
6431
6432
6433
6434
6439
6440
6441
6442
6443
6444
6445
6446
6447
6448
6449
6450
6451
6452
6453
6455
6456
6457
6461
6462
6464
6468
6469
6470
6472
6473
6474
6476
6477
6478
6480
6482
6483
6484
6487
6489
6490
6491
6492
6493
6494
6495
6496
6497
6498
6499
6500
6502
6503
6504
6505
6506
6508
6509
6510
6511
6512
6513
6514
6515
6517
6519
6521
6522
6523
6524
6525
6526
6527
6528
6529
6530
6531
6532
6533
6534
6535
6536
6538
6539
6540
6541
6542
6543
6545
6546
6547
6548
6549
6550
6553
6554
6555
6556
6557
6558
6559
6560
6561
6563
6564
6565
6567
6568
6569
6570
6571
6572
6573
6574
6575
6576
6578
6579
6580
6581
6582
6583
6585
6586
6588
6590
6591
6594
6595
6596
6597
6599
6601
6602
6603
6604
6605
6606
6606
6608
6609
6610
6611
6612
6613
6614
6615
6616
6617
6618
6619
6620
6621
6625
6626
6627
6628
6629
6631
6632
6633
6634
6636
6637
6638
6640
6641
6642
6643
6645
6646
6647
6648
6649
6650
6651
6652
6653
6654
6655
6656
6657
6658
6659
6660
6662
6663
6665
6666
6667
6668
6670
6671
6672
6674
6675
6676
6677
6678
6683
6687
6688
6689
6690
6691
6692
6693
6694
6695
6696
6697
6698
6699
6700
6701
6703
6704
6705
6706
6707
6708
6709
6710
6711
6712
6713
6715
6716
6717
6718
6720
6721
6722
6723
6725
6726
6727
6728
6729
6730
6731
6732
6733
6734
6736
6737
6738
6741
6742
6744
6745
6746
6747
6748
6749
6750
6751
6752
6754
6755
6756
6757
6758
6760
6764
6767
6769
6770
6772
6773
6775
6776
6778
6779
6780
6781
6782
6783
6785
6786
6787
6788
6789
6790
6792
6793
6794
6795
6799
6801
6804
6809
6810
6811
6812
6813
6814
6815
6817
6818
6819
6820
6821
6822
6827
6829
6830
6832
6833
6834
6835
6836
6837
6838
6839
6840
6843
6844
6845
6846
6847
6850
6853
6854
6855
6856
6857
6860
6861
6862
6863
6865
6866
6867
6868
6869
6870
6872
6873
6874
6875
6877
6878
6879
6881
6882
6883
6884
6885
6886
6887
6888
6890
6891
6892
6894
6895
6898
6899
6900
6901
6903
6904
6906
6907
6908
6909
6910
6911
6913
6915
6916
6919
6920
6921
6924
6925
6926
6927
6929
6932
6934
6935
6936
6938
6939
6940
6941
6942
6943
6944
6945
6947
6948
6949
6950
6954
6975
6988
6990
6991
6992
6993
6996
6997
6999
7001
7003
7004
7005
7006
7007
7008
7010
7011
7013
7014
7015
7016
7018
7019
7020
7021
7022
7023
7024
7025
7026
7027
7029
7030
7031
7032
7033
7035
7036
7037
7038
7039
7040
7042
7043
7044
7046
7047
7048
7049
7050
7051
7052
7053
7054
7056
7057
7058
7059
7060
7062
7064
7066
7067
7068
7069
7070
7071
7072
7073
7074
7075
7076
7077
7078
7079
7080
7082
7083
7084
7087
7088
7089
7090
7091
7092
7093
7095
7096
7097
7098
7099
7100
7101
7102
7104
7105
7106
7107
7108
7109
7110
7111
7112
7113
7114
7122
7123
7124
7125
7126
7128
7130
7132
7133
7134
7135
7136
7137
7138
7139
7140
7141
7142
7143
7145
7148
7150
7153
7155
7156
7157
7158
7159
7161
7162
7163
7164
7165
7166
7167
7168
7169
7170
7171
7172
7173
7177
7178
7180
7181
7182
7184
7185
7187
7188
7189
7200
7201
7203
7204
7205
7216
7220
7222
7223
7224
7225
7226
7227
7247
7248
7249
7252
7253
7257
7258
7259
7260
7262
7263
7264
7265
7266
7267
7268
7270
7272
7273
7274
7275
7276
7277
7278
7280
7283
7284
7286
7287
7288
7289
7290
7291
7292
7293
7294
7295
7296
7297
7298
7299
7300
7301
7305
7306
7307
7311
7314
7316
7318
7319
7320
7321
7322
7323
7325
7326
7327
7328
7329
7332
7334
7335
7336
7337
7341
7342
7343
7347
7348
7349
7350
7351
7352
7353
7355
7356
7357
7360
7363
7364
7365
7366
7367
7368
7369
7371
7372
7373
7374
7375
7376
7378
7379
7380
7381
7384
7385
7386
7389
7390
7391
7392
7398
7399
7401
7402
7403
7404
7405
7407
7408
7409
7410
7411
7412
7416
7417
7419
7421
7423
7424
7425
7428
7429
7430
7431
7432
7433
7434
7436
7439
7441
7442
7443
7444
7447
7448
7450
7453
7454
7455
7456
7458
7461
7462
7464
7465
7466
7468
7469
7471
7472
7473
7474
7475
7476
7477
7478
7479
7480
7481
7482
7483
7484
7485
7486
7490
7494
7498
7499
7504
7507
7508
7511
7512
7514
7515
7516
7517
7520
7525
7528
7529
7531
7532
7533
7534
7535
7536
7538
7539
7541
7543
7544
7545
7546
7547
7551
7552
7553
7555
7556
7559
7561
7562
7564
7565
7566
7567
7568
7569
7570
7571
7572
7574
7576
7577
7579
7580
7581
7582
7584
7586
7587
7589
7592
7593
7594
7596
7597
7617
7620
7621
7625
7626
7627
7629
7633
7634
7637
7638
7639
7643
7644
7652
7673
7675
7678
7681
7690
7691
7692
7693
7694
7695
7696
7697
7699
7700
7701
7702
7703
7704
7705
7706
7707
7709
7710
7711
7712
7716
7718
7726
7727
7728
7730
7732
7733
7737
7738
7739
7741
7743
7745
7746
7748
7750
7752
7753
7755
7756
7757
7760
7761
7762
7763
7764
7766
7767
7768
7769
7770
7771
7773
7775
7776
7780
7781
7782
7783
7784
7786
7789
7791
7798
7799
7802
7803
7804
7805
7809
7813
7818
7827
7832
7837
7840
7841
7844
7846
7849
7850
7851
7852
7855
7857
7862
7866
7867
7869
7871
7873
7874
7879
7881
7884
7903
7905
7913
7915
7916
7918
7919
7920
7922
7923
7932
7936
7940
7941
7942
7957
7965
7975
7976
7978
7979
7980
7982
7984
7988
7991
7993
7994
8000
8001
8013
8019
8021
8022
8027
8028
8029
8030
8034
8036
8038
8045
8048
8050
8061
8065
8073
8074
8076
8078
8079
8082
8085
8086
8087
8089
8091
8092
8099
8100
8106
8110
8111
8115
8120
8125
8128
8131
8139
8153
8161
8165
8170
8174
8175
8178
8187
8189
8190
8192
8193
8195
8200
8202
8204
8208
8209
8214
8216
8218
8220
8224
8225
8226
8227
8228
8233
8237
8239
8241
8242
8243
8260
8266
8269
8270
8273
8277
8284
8287
8288
8289
8290
8291
8292
8293
8293
8295
8301
8302
8303
8309
8310
8312
8313
8314
8315
8317
8318
8320
8321
8322
8323
8324
8325
8326
8328
8329
8334
8337
8338
8340
8341
8347
8349
8351
8356
8363
8364
8365
8372
8379
8382
8383
8386
8387
8388
8389
8390
8392
8394
8395
8398
8399
8402
8403
8404
8405
8406
8408
8411
8412
8416
8417
8419
8424
8425
8427
8428
8431
8433
8434
8435
8436
8437
8438
8439
8440
8443
8444
8445
8446
8448
8449
8450
8451
8452
8453
8455
8456
8458
8459
8460
8462
8463
8464
8467
8468
8470
8471
8471
8476
8477
8479
8480
8481
8482
8483
8484
8487
8490
8491
8492
8493
8495
8497
8498
8499
8500
8501
8502
8503
8504
8505
8506
8507
8508
8509
8510
8513
8515
8516
8518
8519
8521
8522
8525
8526
8527
8528
8529
8530
8531
8532
8533
8534
8535
8536
8537
8538
8539
8540
8541
8542
8543
8545
8546
8547
8548
8549
8550
8553
8554
8555
8556
8557
8558
8559
8562
8563
8564
8565
8566
8567
8568
8569
8570
8572
8573
8574
8575
8576
8577
8578
8581
8590
8600
8601
8603
8604
8605
8607
8608
8609
8611
8612
8613
8614
8615
8618
8620
8621
8622
8623
8624
8625
8626
8629
8630
8631
8632
8633
8634
8636
8637
8638
8639
8641
8642
8643
8644
8645
8646
8647
8648
8649
8650
8651
8653
8654
8655
8658
8659
8660
8661
8662
8663
8664
8665
8666
8667
8669
8671
8672
8673
8674
8675
8676
8677
8678
8681
8682
8683
8685
8687
8688
8689
8690
8692
8693
8694
8697
8698
8701
8702
8703
8704
8705
8706
8707
8708
8710
8711
8712
8714
8715
8717
8718
8720
8721
8722
8723
8724
8725
8726
8727
8728
8729
8731
8732
8733
8735
8736
8737
8738
8739
8740
8741
8742
8743
8744
8745
8747
8748
8749
8751
8754
8756
8760
8761
8763
8764
8766
8767
8771
8772
8773
8775
8776
8777
8778
8780
8784
8785
8786
8787
8788
8789
8790
8792
8793
8794
8795
8796
8797
8798
8799
8800
8801
8803
8804
8805
8807
8808
8809
8811
8812
8814
8815
8816
8817
8818
8819
8820
8821
8822
8823
8824
8825
8826
8828
8829
8831
8832
8833
8834
8835
8837
8838
8839
8840
8841
8843
8844
8846
8848
8850
8851
8852
8853
8854
8856
8857
8858
8859
8861
8862
8863
8864
8867
8869
8870
8871
8872
8874
8875
8876
8877
8878
8880
8881
8882
8883
8884
8886
8887
8888
8890
8892
8894
8895
8896
8897
8898
8899
8900
8904
8905
8906
8907
8908
8909
8910
8911
8912
8913
8914
8915
8916
8924
8925
8927
8928
8929
8930
8933
8934
8935
8936
8938
8939
8940
8941
8943
8945
8969
8970
8971
8972
8973
8975
8985
8986
8987
8988
8989
8991
8992
8993
8994
8995
8996
8997
8999
9001
9002
9013
9014
9015
9016
9019
9020
9021
9022
9023
9024
9025
9026
9027
9028
9031
9032
9033
9034
9037
9038
9039
9040
9043
9044
9045
9046
9047
9048
9049
9050
9051
9052
9053
9054
9055
9056
9057
9058
9060
9061
9063
9064
9066
9068
9069
9070
9071
9073
9074
9075
9076
9077
9079
9080
9081
9082
9083
9084
9085
9086
9087
9088
9091
9092
9093
9094
9095
9096
9097
9098
9099
9100
9101
9104
9107
9108
9110
9111
9112
9113
9114
9117
9118
9119
9120
9121
9124
9125
9127
9128
9129
9130
9131
9132
9133
9134
9135
9136
9139
9140
9141
9143
9144
9145
9146
9147
9148
9149
9150
9152
9153
9154
9156
9158
9159
9162
9166
9167
9168
9169
9170
9172
9173
9175
9177
9179
9180
9181
9182
9183
9184
9185
9187
9188
9189
9191
9196
9197
9200
9201
9202
9203
9204
9205
9208
9209
9210
9211
9212
9213
9214
9215
9217
9218
9219
9220
9221
9227
9228
9229
9230
9231
9232
9235
9236
9238
9240
9241
9242
9244
9246
9247
9248
9249
9252
9253
9254
9255
9256
9258
9261
9262
9263
9265
9266
9267
9270
9271
9274
9275
9276
9277
9278
9282
9283
9284
9287
9289
9290
9293
9294
9295
9296
9306
9308
9310
9311
9312
9313
9314
9315
9317
9318
9319
9320
9321
9322
9324
9325
9328
9329
9330
9331
9332
9333
9334
9337
9338
9340
9341
9342
9343
9344
9348
9350
9351
9353
9354
9355
9356
9358
9360
9361
9362
9363
9364
9365
9367
9368
9369
9370
9371
9372
9374
9375
9376
9378
9379
9380
9381
9382
9388
9389
9390
9391
9392
9394
9397
9398
9399
9400
9401
9402
9403
9404
9407
9409
9410
9411
9412
9413
9414
9415
9416
9419
9420
9421
9422
9423
9424
9425
9426
9427
9435
9436
9437
9439
9440
9441
9442
9443
9445
9446
9447
9448
9450
9451
9452
9453
9454
9455
9456
9457
9459
9463
9464
9466
9467
9468
9469
9470
9472
9473
9474
9475
9476
9477
9478
9479
9480
9481
9482
9486
9487
9488
9489
9491
9493
9495
9496
9497
9498
9499
9500
9501
9502
9506
9507
9508
9509
9510
9512
9513
9514
9515
9516
9517
9518
9519
9520
9521
9524
9525
9526
9527
9528
9529
9530
9531
9532
9533
9534
9535
9536
9537
9538
9540
9541
9542
9543
9545
9546
9547
9550
9551
9552
9553
9555
9556
9557
9562
9563
9564
9567
9568
9569
9570
9572
9573
9575
9576
9577
9578
9580
9581
9582
9583
9584
9585
9586
9587
9588
9592
9595
9600
9601
9603
9604
9605
9607
9609
9610
9611
9612
9616
9617
9618
9619
9620
9622
9623
9625
9626
9627
9628
9629
9630
9632
9633
9635
9636
9637
9638
9639
9640
9643
9644
9645
9646
9647
9648
9649
9650
9651
9653
9654
9655
9656
9657
9658
9659
9662
9663
9665
9666
9667
9668
9669
9670
9671
9672
9673
9674
9675
9677
9678
9679
9681
9682
9683
9685
9686
9687
9688
9689
9690
9692
9693
9694
9695
9696
9697
9698
9699
9700
9701
9702
9703
9704
9705
9706
9708
9709
9710
9711
9712
9715
9716
9717
9718
9719
9720
9721
9722
9723
9724
9725
9726
9727
9728
9729
9730
9731
9732
9733
9734
9735
9736
9737
9738
9739
9741
9742
9743
9744
9745
9746
9747
9748
9749
9750
9751
9752
9753
9754
9755
9757
9758
9759
9760
9761
9762
9764
9765
9766
9767
9768
9770
9771
9772
9774
9775
9776
9777
9778
9779
9780
9781
9782
9783
9784
9785
9786
9787
9788
9789
9790
9791
9792
9793
9794
9796
9797
9798
9801
9802
9804
9805
9806
9807
9808
9810
9811
9812
9813
9814
9815
9816
9817
9818
9819
9820
9821
9823
9824
9825
9826
9827
9828
9829
9830
9831
9832
9833
9836
9837
9839
9840
9841
9842
9843
9844
9846
9847
9848
9849
9851
9852
9853
9854
9855
9856
9857
9858
9859
9860
9861
9862
9863
9865
9866
9867
9868
9869
9870
9871
9873
9874
9875
9877
9877
9878
9879
9880
9881
9882
9883
9884
9885
9886
9887
9889
9890
9891
9892
9895
9896
9897
9898
9899
9900
9901
9903
9904
9905
9906
9907
9908
9909
9910
9911
9912
9913
9914
9915
9917
9920
9921
9922
9923
9924
9925
9926
9927
9928
9929
9931
9933
9934
9935
9936
9937
9938
9940
9941
9942
9943
9945
9946
9947
9948
9949
9951
9953
9955
9956
9957
9958
9960
9961
9962
9963
9965
9966
9967
9968
9969
9970
9971
9973
9975
9976
9978
9980
9982
9984
9985
9986
9987
9988
9989
9990
9991
9992
9993
9994
10001
10002
10003
10004
10005
10006
10007
10008
10009
10010
10011
10013
10014
10017
10018
10019
10021
10022
10023
10024
10025
10026
10036
10038
10039
10040
10042
10043
10044
10045
10046
10047
10048
10049
10050
10052
10053
10054
10055
10056
10057
10058
10059
10060
10061
10062
10063
10066
10067
10068
10069
10071
10072
10073
10076
10077
10078
10079
10081
10082
10083
10084
10086
10089
10090
10092
10093
10094
10095
10096
10097
10098
10099
10100
10101
10102
10103
10105
10106
10107
10109
10110
10111
10112
10113
10114
10116
10117
10120
10121
10123
10124
10125
10126
10127
10128
10129
10130
10133
10134
10135
10136
10137
10138
10139
10140
10141
10142
10143
10144
10146
10147
10148
10150
10152
10153
10154
10155
10156
10157
10158
10159
10161
10162
10163
10164
10165
10166
10168
10169
10170
10171
10172
10174
10175
10178
10179
10180
10181
10184
10186
10188
10189
10190
10193
10194
10195
10196
10197
10198
10199
10200
10201
10202
10203
10204
10205
10206
10207
10208
10209
10210
10212
10213
10214
10215
10216
10217
10218
10219
10220
10221
10223
10224
10225
10226
10227
10228
10229
10231
10232
10233
10234
10235
10236
10237
10239
10240
10241
10242
10243
10244
10245
10246
10247
10248
10249
10250
10251
10252
10253
10254
10256
10257
10260
10261
10262
10263
10265
10266
10267
10268
10269
10272
10273
10274
10276
10277
10278
10279
10280
10282
10283
10284
10285
10286
10287
10288
10289
10290
10291
10293
10294
10295
10296
10297
10298
10299
10300
10302
10307
10308
10309
10311
10312
10313
10314
10316
10317
10318
10319
10320
10321
10322
10324
10325
10326
10327
10328
10329
10331
10332
10333
10335
10336
10342
10343
10344
10345
10346
10347
10349
10350
10351
10352
10354
10357
10360
10361
10362
10365
10367
10368
10369
10370
10371
10376
10379
10380
10382
10383
10384
10385
10388
10389
10390
10391
10392
10393
10394
10395
10396
10397
10398
10399
10400
10401
10402
10403
10404
10406
10407
10409
10410
10411
10412
10413
10417
10419
10420
10421
10422
10423
10424
10425
10426
10427
10428
10430
10432
10434
10435
10436
10437
10438
10439
10440
10443
10444
10445
10446
10447
10449
10450
10451
10452
10454
10455
10456
10457
10458
10459
10460
10461
10462
10463
10464
10465
10466
10467
10468
10469
10471
10472
10473
10474
10475
10476
10477
10478
10479
10480
10481
10482
10483
10484
10485
10486
10487
10488
10489
10490
10492
10493
10494
10495
10497
10498
10499
10500
10501
10505
10507
10509
10512
10513
10516
10517
10518
10519
10520
10521
10522
10524
10525
10528
10529
10531
10533
10534
10535
10536
10537
10538
10539
10540
10541
10542
10544
10548
10549
10550
10551
10553
10554
10555
10556
10557
10558
10559
10560
10561
10562
10563
10564
10565
10566
10567
10568
10569
10570
10572
10573
10574
10575
10576
10577
10578
10579
10580
10581
10584
10585
10586
10587
10588
10589
10590
10591
10594
10595
10597
10598
10599
10602
10603
10605
10606
10607
10608
10609
10610
10611
10612
10613
10614
10615
10616
10617
10618
10620
10621
10622
10623
10625
10626
10627
10629
10630
10631
10632
10633
10634
10635
10636
10637
10640
10641
10642
10643
10644
10645
10647
10648
10650
10651
10652
10653
10654
10655
10656
10657
10658
10659
10660
10661
10663
10664
10665
10666
10667
10668
10669
10670
10671
10672
10673
10675
10677
10678
10681
10682
10683
10686
10687
10690
10691
10692
10693
10694
10695
10699
10712
10713
10714
10715
10716
10717
10718
10720
10721
10723
10724
10725
10726
10728
10730
10732
10733
10734
10735
10736
10738
10739
10741
10742
10743
10744
10745
10746
10747
10749
10750
10752
10753
10755
10758
10761
10762
10765
10766
10767
10768
10769
10771
10772
10773
10776
10777
10780
10781
10782
10783
10785
10786
10787
10788
10791
10793
10794
10795
10797
10798
10799
10800
10801
10802
10803
10804
10806
10807
10808
10810
10811
10813
10814
10815
10816
10817
10818
10825
10826
10827
10838
10840
10841
10842
10844
10845
10846
10847
10848
10849
10850
10855
10857
10858
10859
10861
10863
10864
10865
10867
10868
10869
10870
10871
10873
10874
10875
10876
10877
10878
10879
10880
10881
10882
10884
10886
10887
10888
10890
10891
10892
10893
10894
10897
10898
10899
10900
10901
10902
10903
10904
10905
10906
10907
10908
10910
10911
10912
10913
10914
10915
10916
10917
10920
10921
10922
10924
10926
10927
10928
10930
10933
10935
10936
10938
10939
10940
10941
10943
10944
10945
10946
10947
10948
10949
10950
10951
10952
10953
10954
10955
10956
10957
10959
10960
10961
10962
10963
10964
10965
10966
10969
10970
10971
10972
10973
10974
10975
10978
10980
10981
10982
10983
10985
10987
10988
10989
10990
10991
10992
10993
10994
10998
10999
11000
11001
11004
11005
11006
11007
11009
11010
11011
11012
11013
11014
11015
11016
11017
11018
11019
11020
11021
11022
11023
11024
11025
11027
11030
11031
11033
11034
11035
11036
11037
11040
11041
11043
11044
11045
11046
11047
11051
11052
11055
11057
11059
11060
11061
11062
11063
11064
11065
11066
11067
11068
11069
11070
11073
11074
11075
11076
11077
11078
11079
11080
11081
11082
11083
11085
11086
11091
11092
11093
11094
11095
11096
11097
11098
11099
11100
11101
11102
11103
11104
11105
11107
11108
11112
11113
11116
11117
11118
11119
11120
11122
11123
11124
11126
11128
11129
11130
11131
11132
11133
11135
11136
11137
11138
11140
11141
11142
11143
11144
11145
11146
11147
11148
11149
11151
11152
11153
11154
11155
11156
11157
11158
11159
11160
11161
11162
11163
11164
11166
11167
11168
11169
11170
11172
11173
11174
11176
11177
11178
11179
11180
11181
11182
11183
11184
11185
11186
11187
11188
11189
11190
11193
11194
11196
11197
11199
11200
11201
11202
11211
11212
11213
11214
11215
11216
11218
11219
11221
11222
11223
11224
11226
11227
11228
11230
11231
11232
11234
11235
11236
11237
11238
11240
11243
11244
11245
11247
11248
11249
11250
11251
11252
11253
11254
11255
11258
11259
11260
11261
11262
11264
11266
11269
11270
11273
11274
11275
11276
11277
11278
11279
11280
11281
11282
11283
11285
11313
11314
11315
11316
11317
11318
11319
11321
11322
11325
11326
11328
11329
11330
11331
11332
11333
11334
11335
11336
11337
11338
11339
11340
11341
11342
11343
11344
11345
11346
22794
22795
22796
22797
22798
22800
22801
22802
22806
22807
22808
22809
22818
22820
22821
22822
22823
22824
22827
22828
22829
22832
22834
22835
22836
22837
22838
22839
22841
22843
22844
22845
22846
22847
22848
22849
22850
22852
22853
22854
22856
22858
22859
22861
22862
22863
22864
22865
22866
22868
22869
22870
22871
22872
22873
22874
22875
22876
22877
22878
22879
22880
22881
22882
22883
22884
22885
22888
22889
22890
22891
22893
22894
22895
22897
22898
22899
22900
22901
22902
22903
22904
22905
22906
22907
22908
22909
22911
22913
22914
22915
22916
22917
22918
22919
22920
22924
22925
22926
22927
22928
22929
22931
22932
22933
22934
22936
22937
22938
22941
22943
22944
22948
22949
22950
22952
22953
22954
22955
22974
22976
22977
22978
22979
22980
22981
22982
22983
22984
22985
22986
22987
22989
22990
22992
22993
22994
22995
22996
22997
22999
23001
23002
23005
23007
23008
23011
23012
23014
23015
23017
23019
23020
23023
23024
23025
23026
23028
23029
23030
23031
23032
23033
23034
23035
23036
23037
23038
23039
23040
23041
23043
23046
23047
23048
23049
23051
23052
23053
23054
23057
23059
23060
23061
23062
23063
23064
23065
23066
23067
23070
23071
23072
23074
23075
23076
23077
23078
23080
23081
23082
23085
23086
23087
23089
23090
23091
23092
23093
23094
23095
23096
23097
23098
23099
23101
23102
23105
23107
23108
23109
23112
23113
23114
23116
23117
23119
23120
23122
23125
23126
23127
23129
23130
23131
23132
23133
23135
23136
23137
23138
23139
23140
23141
23142
23143
23144
23148
23149
23150
23151
23152
23154
23155
23157
23158
23160
23161
23162
23163
23164
23166
23167
23168
23169
23170
23171
23172
23173
23174
23175
23176
23177
23178
23179
23180
23181
23184
23185
23186
23187
23189
23190
23191
23192
23194
23195
23197
23198
23199
23200
23201
23203
23204
23205
23207
23208
23209
23210
23212
23213
23214
23215
23216
23217
23218
23219
23220
23221
23223
23224
23225
23228
23229
23230
23231
23232
23233
23234
23235
23236
23237
23239
23240
23241
23242
23243
23244
23245
23247
23248
23250
23251
23252
23253
23254
23255
23256
23258
23259
23261
23262
23263
23264
23265
23266
23268
23269
23270
23271
23272
23274
23276
23277
23279
23281
23283
23284
23286
23287
23288
23291
23293
23295
23299
23300
23301
23302
23303
23304
23305
23306
23308
23309
23312
23313
23314
23315
23316
23317
23318
23321
23322
23324
23325
23326
23327
23328
23329
23331
23332
23333
23334
23335
23336
23338
23339
23341
23344
23345
23347
23348
23349
23350
23351
23352
23353
23354
23355
23357
23358
23359
23360
23361
23362
23363
23365
23366
23367
23368
23369
23370
23371
23373
23376
23378
23379
23381
23382
23383
23384
23385
23386
23387
23389
23390
23392
23394
23395
23396
23397
23398
23399
23400
23401
23403
23404
23405
23408
23409
23410
23411
23412
23413
23414
23415
23416
23417
23418
23420
23421
23423
23426
23428
23429
23430
23431
23432
23433
23435
23436
23438
23439
23440
23443
23446
23450
23451
23452
23456
23457
23460
23461
23462
23463
23464
23466
23467
23468
23471
23473
23474
23475
23476
23478
23479
23480
23483
23484
23491
23492
23493
23495
23498
23499
23500
23503
23504
23505
23506
23507
23508
23509
23510
23511
23512
23513
23514
23515
23516
23517
23518
23519
23520
23521
23522
23523
23524
23526
23527
23528
23529
23531
23532
23533
23534
23536
23538
23539
23541
23542
23544
23545
23546
23547
23548
23549
23550
23551
23552
23553
23554
23555
23556
23557
23558
23559
23560
23562
23563
23564
23566
23567
23568
23569
23576
23580
23581
23582
23583
23584
23585
23586
23587
23588
23589
23590
23592
23593
23594
23595
23596
23597
23598
23600
23601
23603
23604
23608
23609
23612
23613
23616
23617
23619
23620
23621
23623
23624
23625
23626
23627
23630
23632
23633
23635
23636
23639
23640
23641
23643
23644
23645
23646
23647
23648
23649
23650
23654
23657
23658
23659
23660
23670
23671
23676
23677
23678
23682
23683
23704
23705
23708
23710
23729
23731
23732
23741
23742
23743
23746
23753
23759
23760
23761
23762
23764
23765
23767
23768
23769
23770
23774
23779
23784
23787
23788
24137
24138
24139
24140
24141
24142
24144
24145
24146
24147
24148
24149
24150
25758
25759
25763
25764
25766
25769
25770
25771
25775
25776
25777
25778
25780
25782
25788
25789
25790
25791
25792
25793
25794
25797
25798
25799
25800
25801
25802
25803
25804
25805
25806
25807
25809
25813
25817
25818
25819
25821
25822
25823
25824
25825
25827
25828
25829
25830
25831
25833
25834
25836
25837
25839
25840
25841
25842
25843
25844
25847
25849
25850
25851
25852
25853
25854
25855
25858
25859
25861
25862
25864
25865
25870
25871
25873
25875
25876
25878
25879
25880
25884
25885
25886
25888
25890
25891
25893
25894
25895
25896
25897
25898
25900
25901
25903
25904
25906
25907
25909
25911
25912
25913
25914
25915
25917
25920
25921
25923
25924
25925
25927
25928
25929
25930
25932
25934
25936
25937
25938
25939
25940
25941
25942
25943
25945
25946
25948
25949
25950
25953
25956
25957
25959
25960
25961
25962
25963
25966
25970
25972
25973
25974
25975
25976
25977
25978
25980
25981
25983
25984
25987
25988
25989
25992
25994
25996
25998
25999
26000
26001
26002
26003
26005
26007
26009
26010
26011
26012
26013
26015
26017
26018
26019
26020
26022
26024
26025
26027
26030
26031
26032
26033
26034
26035
26036
26037
26038
26039
26040
26043
26045
26046
26047
26048
26049
26050
26051
26052
26053
26054
26056
26057
26058
26059
26060
26061
26063
26064
26065
26071
26073
26074
26083
26084
26085
26086
26088
26090
26091
26092
26093
26094
26095
26097
26098
26099
26100
26103
26108
26112
26115
26118
26119
26121
26121
26121
26122
26123
26127
26128
26133
26135
26136
26137
26140
26145
26146
26147
26150
26151
26152
26153
26154
26155
26156
26157
26160
26164
26166
26167
26168
26173
26175
26188
26189
26190
26191
26205
26206
26207
26211
26212
26219
26224
26225
26227
26228
26229
26230
26231
26232
26233
26234
26235
26239
26240
26245
26246
26248
26249
26251
26253
26254
26256
26257
26258
26259
26260
26261
26262
26263
26266
26267
26268
26269
26270
26271
26272
26273
26275
26276
26277
26278
26279
26280
26281
26284
26285
26286
26287
26289
26291
26292
26297
26298
26301
26330
26333
26338
26339
26341
26353
26354
26355
26468
26469
26470
26471
26472
26476
26492
26493
26494
26496
26497
26499
26502
26503
26504
26505
26507
26508
26509
26511
26512
26515
26517
26519
26520
26521
26523
26524
26525
26526
26528
26530
26531
26532
26533
26534
26538
26539
26548
26575
26576
26577
26578
26579
26580
26585
26586
26589
26608
26609
26610
26648
26658
26659
26664
26682
26683
26686
26689
26692
26693
26696
26707
26716
26735
26737
26740
26747
26749
26750
26751
26762
26872
26873
26952
26953
26958
26959
26960
26973
26974
26984
26985
26986
26993
26994
26995
26996
26998
26999
27000
27005
27006
27010
27012
27013
27018
27019
27020
27022
27023
27030
27031
27032
27033
27034
27035
27036
27037
27039
27040
27042
27044
27063
27065
27067
27068
27069
27071
27072
27074
27075
27076
27077
27079
27085
27086
27087
27089
27090
27091
27092
27094
27095
27097
27098
27101
27102
27106
27107
27109
27111
27112
27113
27115
27120
27121
27122
27123
27124
27125
27127
27128
27129
27130
27131
27133
27134
27136
27141
27143
27145
27146
27147
27148
27151
27152
27153
27154
27156
27158
27159
27161
27163
27164
27165
27166
27173
27175
27177
27178
27179
27180
27181
27183
27185
27189
27190
27197
27198
27199
27201
27202
27229
27230
27231
27232
27233
27235
27236
27238
27239
27240
27241
27242
27243
27244
27245
27247
27248
27249
27250
27252
27253
27254
27255
27257
27258
27283
27284
27285
27286
27287
27288
27289
27290
27291
27292
27293
27294
27295
27296
27297
27299
27300
27301
27302
27303
27304
27306
27309
27314
27315
27316
27319
27324
27327
27328
27329
27330
27332
27333
27334
27335
27336
27338
27339
27340
27341
27342
27343
27344
27345
27346
27347
27348
27349
27350
27351
27352
27429
27430
27433
27434
27436
27439
27440
27443
27445
28227
28231
28232
28234
28316
28329
28335
28512
28513
28514
28864
28865
28951
28954
28955
28956
28957
28958
28960
28962
28964
28965
28966
28968
28969
28970
28971
28972
28973
28974
28976
28977
28978
28981
28982
28983
28984
28985
28986
28987
28988
28989
28990
28991
28992
28996
28998
28999
29015
29028
29035
29058
29062
29063
29066
29068
29070
29071
29072
29074
29078
29079
29080
29081
29082
29083
29085
29086
29087
29088
29089
29091
29093
29094
29095
29097
29098
29099
29100
29101
29102
29103
29104
29105
29106
29107
29108
29109
29110
29113
29114
29115
29116
29117
29118
29119
29121
29123
29124
29125
29126
29127
29128
29760
29761
29763
29765
29766
29767
29774
29775
29777
29780
29781
29785
29796
29799
29800
29801
29802
29803
29841
29842
29843
29844
29850
29851
29855
29880
29881
29882
29883
29886
29887
29888
29889
29893
29894
29895
29896
29899
29901
29902
29903
29904
29906
29909
29911
29914
29915
29916
29919
29920
29922
29923
29924
29925
29926
29927
29928
29929
29930
29933
29935
29937
29940
29941
29942
29943
29944
29945
29946
29947
29948
29949
29950
29951
29952
29953
29954
29957
29958
29959
29960
29964
29965
29966
29967
29969
29970
29974
29978
29979
29980
29982
29984
29985
29986
29988
29989
29990
29991
29992
29993
29994
29995
29997
29998
29999
30000
30001
30008
30009
30010
30011
30012
30014
30061
30062
30811
30812
30813
30814
30815
30816
30817
30818
30819
30820
30827
30832
30833
30834
30835
30836
30844
30845
30846
30848
30849
30850
30851
43847
43849
49854
49855
49856
49860
49861
50484
50485
50486
50487
50488
50489
50506
50507
50508
50509
50511
50512
50515
50604
50613
50614
50615
50616
50617
50618
50619
50624
50626
50628
50632
50636
50640
50649
50650
50651
50674
50700
50717
50801
50805
50807
50809
50810
50814
50831
50832
50833
50834
50835
50836
50837
50838
50839
50840
50846
50852
50853
50855
50856
50858
50859
50861
50862
50863
50865
50937
50939
50940
50943
50944
50945
50964
50999
51000
51001
51002
51003
51004
51005
51006
51008
51009
51010
51011
51012
51013
51014
51015
51016
51018
51019
51020
51021
51022
51023
51024
51025
51027
51028
51029
51030
51031
51032
51042
51043
51046
51050
51052
51053
51054
51056
51057
51058
51059
51060
51061
51062
51063
51065
51066
51067
51068
51069
51071
51072
51073
51074
51075
51076
51077
51078
51081
51082
51083
51084
51085
51086
51087
51088
51090
51091
51092
51093
51094
51095
51096
51097
51098
51099
51100
51101
51103
51104
51105
51106
51107
51108
51109
51110
51111
51114
51115
51116
51117
51118
51119
51121
51122
51123
51124
51125
51126
51127
51128
51129
51130
51131
51132
51133
51134
51135
51136
51138
51141
51142
51143
51144
51146
51147
51148
51149
51150
51151
51154
51155
51156
51157
51160
51161
51162
51163
51164
51166
51167
51168
51171
51172
51174
51175
51176
51177
51179
51181
51182
51184
51185
51186
51187
51188
51191
51192
51193
51194
51195
51196
51199
51200
51201
51202
51203
51205
51206
51207
51208
51209
51213
51214
51218
51222
51224
51225
51226
51227
51228
51230
51231
51232
51233
51234
51236
51237
51239
51241
51244
51246
51247
51248
51249
51250
51251
51252
51253
51255
51256
51257
51258
51259
51260
51263
51264
51265
51266
51267
51268
51270
51271
51272
51274
51276
51277
51278
51279
51280
51281
51282
51283
51284
51285
51286
51289
51290
51291
51292
51293
51294
51295
51296
51297
51298
51299
51300
51301
51302
51303
51304
51305
51306
51307
51308
51309
51310
51311
51312
51313
51314
51315
51316
51317
51318
51319
51320
51321
51322
51324
51326
51326
51327
51329
51330
51332
51333
51334
51335
51337
51338
51339
51340
51341
51343
51347
51348
51350
51351
51360
51361
51362
51363
51364
51365
51366
51367
51368
51371
51372
51373
51374
51375
51377
51378
51379
51380
51382
51384
51385
51389
51390
51393
51397
51398
51399
51400
51406
51409
51411
51412
51421
51422
51426
51427
51428
51429
51430
51433
51434
51435
51438
51439
51440
51441
51442
51444
51447
51449
51450
51451
51454
51455
51458
51460
51463
51465
51466
51471
51473
51475
51477
51478
51480
51481
51490
51491
51493
51495
51496
51497
51499
51501
51503
51504
51506
51507
51510
51512
51513
51514
51517
51522
51523
51524
51526
51527
51528
51529
51530
51531
51533
51534
51535
51537
51538
51540
51542
51545
51547
51548
51550
51552
51554
51555
51557
51559
51560
51561
51562
51564
51566
51571
51573
51574
51575
51582
51585
51586
51588
51592
51594
51596
51599
51601
51602
51603
51604
51605
51606
51608
51611
51614
51616
51617
51619
51621
51622
51626
51629
51633
51634
51635
51637
51639
51642
51643
51645
51646
51647
51649
51650
51651
51652
51654
51655
51657
51659
51660
51661
51663
51665
51666
51667
51668
51669
51673
51676
51678
51684
51686
51690
51691
51692
51693
51696
51699
51700
51701
51702
51703
51704
51705
51706
51710
51714
51715
51719
51720
51725
51726
51727
51728
51729
51733
51734
51735
51738
51741
51742
51744
51747
51750
51751
51752
51754
51755
51759
51760
51761
51762
51764
51765
51768
51773
51776
51778
51780
51802
51804
51805
51806
51807
51808
51816
53335
53336
53339
53340
53342
53343
53344
53345
53346
53347
53349
53353
53354
53358
53371
53373
53405
53407
53615
53616
53630
53632
53635
53637
53820
53822
53826
53827
53828
53829
53831
53832
53833
53834
53836
53838
53840
53841
53842
53904
53905
53916
53917
53918
53919
53938
53940
53942
53944
53947
54014
54020
54033
54039
54058
54059
54065
54069
54084
54093
54097
54101
54102
54103
54107
54108
54112
54145
54148
54149
54165
54205
54206
54207
54209
54210
54212
54221
54328
54329
54331
54332
54344
54345
54346
54360
54361
54363
54386
54407
54413
54414
54429
54431
54432
54433
54434
54436
54437
54438
54439
54440
54442
54443
54454
54455
54456
54457
54458
54461
54462
54463
54464
54465
54466
54467
54468
54469
54470
54471
54472
54474
54476
54477
54478
54480
54482
54487
54490
54491
54492
54494
54495
54496
54497
54498
54499
54502
54503
54504
54505
54507
54509
54510
54511
54512
54514
54516
54517
54518
54520
54521
54522
54529
54531
54532
54534
