79501
729759
81399
26683
254173
7293
643965
339453
8510
2563
79258
100287898
140625
148870
26038
390992
80835
10911
3604
50651
765
155184
1325
148345
10218
374946
4878
4879
943
7133
343066
126767
93190
390999
65121
440560
343069
65122
400735
343071
391002
441871
440561
343068
343070
653619
729528
400736
645414
391003
645425
391004
126755
114827
11330
63036
51032
388595
27129
1187
1188
374955
11223
23569
353238
81569
84966
127707
5081
80834
4681
3362
54546
30814
5320
5322
26279
64600
391013
127731
163933
249
23436
10136
2046
712
714
713
3352
259283
1269
400746
6007
6006
2134
7780
84676
79927
378807
1043
257101
79727
8431
8547
2268
115273
4985
4146
3061
728116
252995
3208
114784
127540
84970
2701
58512
27285
1441
2899
284654
284656
26292
81025
26508
84618
51440
127391
9132
200172
1907
2981
2980
284716
84217
149461
7075
4352
81888
128209
266675
127343
148930
374973
1579
199974
284541
6886
2301
200010
84871
79656
1996
284546
112970
127435
6512
63948
148979
1733
200008
374977
7809
731
1600
127795
27329
27022
148581
84251
200132
10022
400757
9077
6121
57554
5733
100526835
51086
431707
4438
127247
256435
26289
5737
58511
255631
1179
388646
115361
343472
164045
676
388649
54112
7412
118427
1301
279
276
278
277
148545
653149
163479
127003
284612
83873
2949
79574
164153
84432
3744
3737
3738
963
27159
140
3752
148281
270
6847
7252
845
914
6913
51179
3284
3283
3158
83998
343505
11085
2210
644591
728833
653598
653505
11126
2703
25832
728945
645142
730262
2209
79626
79005
11189
284485
339398
284486
126637
388698
254910
353144
353143
353142
353141
353140
26239
353139
199834
100129271
353137
353134
353133
353131
448835
4184
163778
6701
6705
6706
149018
574414
338324
6276
4881
91181
388701
126669
126668
1141
3782
55891
149095
5313
339403
100527963
632
391104
57127
10485
164118
60484
63827
4914
3645
440695
83416
83417
115352
79368
115350
922
909
911
910
913
128360
391107
391109
343406
391112
128366
128367
128368
6708
81448
391114
128371
128372
81442
4332
149628
57863
2205
441911
26476
127385
325
1401
343413
56833
391123
3766
3765
477
480
844
114836
8832
6504
962
4063
51744
55600
142683
9507
336
2212
2214
2215
2213
25903
4009
6258
440699
149297
84944
10223
92235
919
55811
6846
6375
1805
6403
6402
6401
149281
5396
80133
2327
2326
4653
92346
356
8995
284525
462
9293
63923
7143
60676
89866
84066
9068
126859
7827
163589
148753
89884
777
127665
127670
353299
85397
81626
403314
10216
5132
431704
5996
6003
8707
343450
10878
3078
10877
3080
81494
2165
23418
56956
127124
5788
2494
2848
779
647219
25802
9283
5778
4656
134
4608
1118
2331
5549
26254
54900
5972
3814
6900
55220
148811
553
1510
653464
647135
83953
725
722
1380
1378
1379
947
255928
3756
343035
149647
55509
79805
3776
7399
2104
55532
3142
79802
400823
388743
10637
7044
83881
339501
89780
183
10753
440730
27185
2786
88
57829
56776
64388
6000
128025
440738
200159
388759
114548
127623
441932
81472
148823
81470
81469
441933
343169
26188
284532
391189
343171
343172
284521
391190
391191
81466
26246
391192
127059
391194
127062
26245
391195
127064
391196
127066
127074
254879
26696
401992
343173
401993
391211
343563
127068
127069
127077
403244
403239
401994
646627
347688
414235
83592
1109
114131
80760
3698
221044
8516
389941
338596
653567
4360
221074
340900
100532731
9576
219681
256297
256815
57512
53904
2572
54518
374308
283078
55130
84569
119180
219770
91074
100288485
53828
6387
643236
79290
83849
100133093
644054
642517
5949
2658
2662
57705
474354
196740
170370
118461
644168
1103
6572
282966
55753
56624
29974
4153
100463289
219623
1959
29119
347731
56521
220202
219736
50674
64106
5551
219793
414152
170392
84647
58529
79933
338599
729238
653509
219348
4143
143241
84332
387694
10718
340745
26103
5995
2894
94233
11155
142910
8513
643418
340654
439996
387700
340665
1592
338557
5950
5146
9211
1557
1559
1558
387707
1791
93377
118788
414157
6425
55118
60495
159296
1369
9033
7479
5076
10660
2253
5309
1586
57412
255022
119395
22986
114815
150
6975
3026
4892
153
26033
2674
374355
5406
5407
5408
143379
11023
338567
2018
2834
387715
1755
399814
50624
118670
340784
3167
2849
119587
387718
118856
118611
594857
399823
119467
253738
256536
84504
85442
8433
27287
50632
118471
93426
441581
100288687
147199
113746
171389
387733
53841
6343
1815
51286
4588
4583
727897
387264
440021
387266
387267
439915
440023
7140
723961
3630
29125
10077
29850
386746
116534
116969
417
143496
119774
390036
119772
143502
390037
390038
143503
81285
256892
119695
119694
119692
401665
119687
81282
79324
401666
401667
56547
119682
119679
119678
390054
23538
283111
3043
3045
3047
3048
3046
79339
79345
282763
390058
390059
390061
390063
390064
390066
50613
390067
340980
445372
387748
390072
390075
79473
390077
390078
390079
390081
390083
390084
338751
120793
120796
196335
255725
120787
160298
887
338755
144125
8590
144124
341276
283297
120776
120775
338323
27288
143425
283298
120065
120066
390093
26496
4004
56673
56676
57758
100463486
10894
5741
5140
796
797
3767
6833
10083
4654
3746
117196
100528017
6291
3948
160287
84867
259249
117194
8048
120237
9152
4745
203859
57084
2620
100500938
338645
63982
159963
3739
2488
744
341019
7490
6506
5897
57689
390110
60529
57586
8534
143678
90993
1132
4607
6688
399888
114900
119765
119764
390113
256148
256144
403257
403253
283116
646754
283092
283093
81318
119749
79097
81327
81328
81309
219428
219429
81300
219431
219432
390142
219436
219437
219438
26338
390144
84767
390148
10798
282770
338674
219447
120586
390151
390152
81168
219453
282775
219464
390154
390155
219469
219473
390157
219477
504189
219417
219479
390162
219482
219484
219487
390167
390168
338675
219493
390174
504191
283189
390181
219527
187
5024
10394
5553
349667
8501
219537
219539
643376
219956
219952
219954
219957
219958
219959
219960
81341
219965
441608
390190
390191
219968
1270
10249
219970
219972
390195
219981
219982
219983
390197
219986
390199
390201
932
2206
64231
51338
245802
58475
84689
64232
931
54860
503497
219995
341116
11251
22917
921
643834
643847
5222
390205
5866
10648
4246
10647
4250
404552
80150
7356
221091
2785
1128
9356
9376
283238
387601
387775
114571
85329
50801
55867
116085
9379
10235
170589
29907
387778
220359
254122
1521
254187
117144
89792
256472
57124
266743
89
100526737
254439
374403
57571
5790
390212
57010
51475
347853
91703
116512
116535
9965
2249
2248
440050
57830
3846
387273
440051
245911
2350
401
58473
25884
341152
11309
100507050
80168
7481
192134
4975
220032
282679
100532726
65987
7069
220388
220047
2915
7299
219595
390231
57093
642446
120146
642612
642623
10003
120114
4544
10888
390245
53942
5241
253935
9313
64066
4317
4321
414301
100506742
838
2893
2977
55531
6588
54734
399947
57569
341032
54766
3316
91894
56158
4684
1813
644672
9177
3359
120400
54827
120406
116519
337
345
335
57453
486
100533181
53826
916
915
917
143941
11181
643
283150
79849
114902
83552
7070
2900
414899
56253
390259
390260
390261
338661
338662
219875
219874
219873
390264
219870
219869
390265
26494
219865
283159
283160
26595
390271
283162
26493
219858
390275
116337
54538
641654
220296
63876
56
160065
399967
100169851
399968
29118
84623
3758
11095
4978
219938
22997
27087
440073
93589
654429
775
83714
8074
2251
3742
3736
3741
4908
939
84519
196500
27239
341392
9332
339
9573
359787
170482
360030
79923
144195
50856
440077
55138
93978
338339
26253
57379
10219
2
5858
3820
160365
969
51348
100431172
387836
160364
51266
387837
283420
51267
64581
120939
3824
22914
8302
3823
3822
3821
50837
50836
50835
50839
5554
5554
50838
5555
50840
259296
259294
259290
259292
259289
259293
353164
5544
5545
5542
653247
79370
2842
83445
2904
2984
420
4256
5149
5800
729025
55885
79785
89869
93661
5139
53919
28234
10599
6579
3375
2998
3764
6660
196415
55259
728858
100287284
341350
441631
341359
225
283461
29951
80070
4753
440097
1280
121275
23519
341568
3906
85478
7480
7471
50846
5630
338761
23017
359
363
121006
283471
613227
51411
1990
401720
341405
94
160622
3892
3889
3891
3890
3888
112802
121391
140807
319101
3849
3848
374454
51350
3850
338785
8435
121340
269
3229
3228
3227
3226
3225
3224
3221
3222
3223
4778
53831
121355
3071
5153
5502
90070
117159
118430
9840
58158
441639
121364
254783
283365
390321
254786
390323
403282
390326
341416
390327
403284
341418
121129
121130
196410
5959
283375
319
4284
121214
11318
6866
4640
3626
83729
64333
65012
552
283417
11197
3458
4069
376132
144453
7103
121278
29953
3747
256710
144321
283310
374462
4618
4617
8825
79611
8499
144448
4922
25834
160419
100528030
196477
1833
11081
4060
338809
84101
120935
56899
196472
246213
9971
160728
121599
4604
50511
5367
3479
5053
429
374470
55576
493861
5992
121549
9671
1240
338773
1610
55530
121643
283446
160762
4633
22895
10993
6910
8739
54997
283455
84530
160777
387890
5319
4440
9478
6927
5027
3242
196385
92293
144423
121256
23504
50614
100507055
22953
647589
7278
93492
2254
6445
387911
338872
56163
219287
387914
2835
6144
219409
3651
1045
2322
2321
23281
84935
122046
122042
646799
9365
9201
54937
100526761
728591
400120
122011
7223
341640
161003
8600
144809
386618
283514
1361
3356
57105
2862
220107
220108
647174
83446
341676
5100
10562
122183
729240
729250
729246
729233
27253
64881
57626
1602
122060
1910
5457
114798
2262
1638
27199
140432
2841
1880
85416
7546
2259
196541
643677
6555
267012
728215
121793
6656
122258
23263
2155
2159
8858
496
6011
440153
404785
641455
79334
441669
441670
390429
390431
79317
79544
81127
122740
390433
122742
390436
390437
390439
122748
390442
123103
338879
390443
122651
493901
341799
10876
64184
6039
6035
6037
6036
122664
440163
122665
390445
26533
26534
26686
9056
161253
122706
1053
100529063
116173
4624
4625
84502
728635
9362
161247
100528064
145553
1215
1511
2999
3002
29091
4857
2290
1690
2856
64067
84684
6751
161198
145581
84075
140801
161357
114088
5729
5732
283554
387332
57161
5015
341880
387990
729665
6252
341883
4990
27133
57381
122876
2100
9495
100529261
161142
57452
400224
56936
6554
6547
100529257
8748
9628
641372
338917
55237
646658
283571
2103
22846
283576
58157
9369
1734
7253
8477
54207
56659
1113
57578
341947
145270
90050
51156
866
256394
327657
145264
5267
5104
145258
9623
8115
10858
283600
8788
388015
1735
91828
647286
400258
388021
122618
647310
727832
100996331
390538
283694
283767
653061
7681
54551
23742
8926
2558
2567
283768
100132565
23359
653075
89832
4308
161725
1139
26585
1133
57369
70
145942
644809
100131244
644844
54866
54567
161829
4058
8681
283748
2038
116179
117155
25764
197135
9153
283652
399697
6557
2252
79895
3067
373509
1588
342035
29106
3175
440279
283659
145781
366
3990
92483
27023
388125
283807
348093
123264
51285
390594
8483
9543
57722
84465
197021
390598
22801
10002
338949
55889
123346
10021
161514
342096
57611
3671
80125
1583
1544
79748
594855
653641
653643
64843
84894
646892
23205
1381
1136
5923
390616
10588
100528021
342125
647042
6218
64506
123722
643707
9154
123624
4916
176
6017
56964
55897
9899
8128
283777
145814
170691
390648
390649
26682
3050
3042
3040
3039
3049
398
64714
117166
51764
30812
6755
390664
8912
25823
64499
7177
23430
390667
79652
3483
254528
6123
146310
4917
260429
360226
84891
4210
4993
100463285
646174
197358
51025
100529144
342346
9717
146556
54715
283953
2903
146279
780776
4261
7142
58531
5620
5619
608
729993
728276
124274
2813
7369
204474
54988
123876
348158
116285
7783
257629
10261
146183
255762
146177
63928
5579
10368
115584
343
9951
162083
146395
728689
8663
930
552900
654483
79008
548593
445329
6818
6693
283897
653808
146378
29895
3683
493829
260434
3684
3687
3681
1339
283933
51327
729264
729355
24150
653550
91807
94160
869
123970
23090
124460
6299
388276
27324
79190
6530
107987423
221223
2775
84560
4504
4490
6559
1071
6361
221191
100529251
146225
766
283849
146212
55282
51673
181
388284
123904
64180
64174
64146
348174
283971
6898
342372
3240
3250
83449
440387
1504
23563
85445
170692
57687
10143
83657
114780
54550
146167
123872
161931
93107
58189
339145
3394
2294
57338
763
390748
1013
146429
1800
11105
8447
727857
8386
4991
8390
26189
8383
4995
4994
8387
8392
8388
84690
443
5023
489
201305
342527
246
9032
388323
2811
9098
388325
23302
23746
83659
124944
255877
10462
433
432
6517
51087
339168
57048
374768
643664
407977
1973
6462
482
242
22899
146852
146849
388333
162387
146850
23533
201140
9340
5957
8522
8735
4626
4622
4619
4620
388335
644139
388336
93649
146822
64518
284040
100533496
353149
51393
9720
23495
56953
51655
654346
80039
254272
10750
400581
4239
55244
256223
3768
100134444
100462977
4843
645832
7448
9058
124925
51268
1411
6532
388364
4974
2123
162494
124912
40
6347
6354
6356
6355
6357
6346
124842
146862
146861
100506736
342618
246176
146853
57151
6360
6358
6359
6368
6362
6348
6351
414059
6349
6349
9560
414060
729877
101060321
3975
284099
6928
729873
84218
440435
388381
494188
57125
390790
342667
4761
84152
5409
22806
124626
100505591
125113
147183
353288
342574
162605
3859
54474
390792
85293
83897
83896
83895
728255
81850
81851
81872
728279
85294
100132476
728224
100132386
653240
83755
81871
85289
84616
85290
85291
85285
728318
83899
83900
83901
85280
81870
100533177
100505753
83902
3883
3884
8688
8687
3882
3886
8689
2520
317719
83538
201181
94086
23415
3060
2826
10266
2538
100885850
80755
100885848
4222
50964
146894
5539
5697
6521
3674
4185
51751
2670
10882
124783
1394
162540
246744
7484
388394
4635
3690
30009
8631
3211
3218
3219
10481
284076
2695
10642
2793
51225
162466
255061
1748
6442
8913
124857
654364
56934
84643
3131
55273
162282
26689
124538
8288
4025
4353
124535
56155
22843
762
124773
6909
9496
342538
146779
1636
81033
1443
2689
1442
1444
2688
974
6329
3384
5175
8787
8313
350
27091
27092
786
9120
54757
10351
23460
3773
6752
642843
64446
124602
388419
350383
11314
124599
10871
100131439
146723
342510
146722
2905
283985
92736
347741
100130933
100134934
1018
353174
2302
114804
768206
100141515
283999
8632
146713
339221
4884
25794
5148
2642
116729
256933
255275
147111
924
400629
2837
81035
1068
27098
116
9229
645369
91133
79822
339291
84203
147495
63895
753
4161
4158
388468
374860
64693
59340
25925
143471
361
1828
147409
7276
147407
4225
57565
374864
80816
8715
56853
6014
6860
8170
6563
284266
125336
29906
100526842
5596
83876
1630
147323
284254
284257
51046
9480
115701
2922
30062
339302
4160
28316
89778
284293
1005
28513
79839
220164
147381
644041
84735
2587
27164
26251
81099
51298
25759
284451
8174
3004
27006
400668
566
5657
1991
84634
1943
126520
390874
126306
645191
2788
148252
60680
126326
84839
4145
23217
85300
27231
84699
10148
56961
126259
79187
440503
10501
645432
148066
257062
2527
81616
125981
10382
970
284428
653656
125997
653657
126006
56729
2208
339390
30835
10332
6370
84467
84106
4542
81794
284382
284383
85509
125963
390882
125962
390883
162998
125958
26648
100529215
7730
50700
83854
692312
5032
26526
57139
1995
1264
7568
54831
83546
10661
199699
773
342977
117579
342979
5731
388512
26664
26659
390892
26333
26658
6511
126402
23581
126370
64926
114770
126410
11283
26538
26532
284433
26539
8529
126541
117286
125972
9002
83878
83483
115861
23025
6528
3780
126364
25789
1311
2657
4207
1463
404037
53345
163223
100287226
148198
7652
388523
342865
9745
388531
91646
11136
126248
56301
64377
284402
3249
5348
53822
148109
57817
4099
933
2864
2865
2867
495
11045
27033
58510
4868
84063
10870
7305
728361
83889
64073
115727
3963
3960
342898
282617
101180976
282616
282618
9535
29124
148003
56891
1178
342900
8857
148014
79935
147746
57731
8190
53916
112398
1548
1549
1555
1553
1572
90273
1089
1084
147719
63946
973
284339
1088
5671
440533
5676
5680
5670
5672
83639
56269
125931
147710
388551
346
344
90332
1158
2828
81492
3171
339345
4858
8993
444882
64344
5739
94235
147906
27202
84215
284355
1406
6822
100131137
64100
56344
8605
163071
93233
23546
171169
126147
26291
7288
114336
114335
93659
94115
3743
55150
3270
951
27120
147872
113091
57030
126129
60385
114132
400709
126123
6689
4606
554235
94030
84258
342918
50944
2854
3816
55554
354
3817
9622
43847
27180
27036
945
284369
125875
4818
3982
89790
27181
729767
89858
946
8778
100049587
2357
2358
2359
147658
100529240
147664
100271846
317701
317703
503834
91662
59284
59283
59285
284415
441864
11025
79168
10990
10288
11026
353514
23547
3903
3904
11027
11024
10859
11006
115653
3804
3802
3805
3811
3809
3812
2204
9437
199713
51206
7137
6861
284417
147744
729956
646643
338321
342931
204801
147945
126204
126205
126206
85569
342933
147670
90485
23619
57663
114026
503835
201516
284312
3803
3813
57292
553128
3810
3808
3802
100132285
54221
7173
23040
78989
55821
6664
130813
23620
4613
100526794
93034
151449
338
388931
653140
5443
9381
130106
3777
56896
84696
150921
7781
285126
57159
7349
238
92291
6716
5212
391365
344387
91461
170850
165140
23498
64240
64241
6519
6496
388946
56660
286749
11036
3973
2492
9378
388951
129852
114800
25927
5341
10887
27302
200504
56287
119
344018
165530
50489
25806
79998
2016
344022
1961
9027
51471
388960
72
3196
6869
80059
130120
5968
5967
5068
1496
347730
284948
6439
10578
84913
65055
100526767
926
729857
400966
5342
5343
150572
2168
344167
200523
150483
653192
129868
151
431705
90342
51252
7535
200403
1261
254773
3899
164832
129521
731220
389015
6549
5455
11250
653489
84620
60482
442038
6819
27233
84220
729540
96626
55289
129804
727851
57628
2019
165257
6344
3625
129684
4648
55679
2840
84084
728378
112714
653275
55997
344561
205147
113457
554226
116372
81615
130013
80122
3938
7852
80731
11249
53353
55843
9839
3800
7130
56475
114805
3760
57471
9595
151531
130940
100526664
9936
10716
57282
2641
90134
151258
6328
6323
6332
129446
8708
57818
4036
10324
129881
151230
389058
100131390
344191
3239
3238
3237
3236
3235
3234
3233
3232
3231
50940
285025
375298
4760
91752
151112
1281
2660
23671
100529241
25843
130132
66037
5334
58538
65061
940
1493
29851
391475
130749
1421
1420
1419
1418
389073
5746
4632
402117
92691
3488
7141
285180
7429
53632
7475
54738
1412
3549
5798
389075
1674
55515
5077
116255
23704
79843
57624
79853
56918
80309
9290
130560
3357
10316
4880
250
248
9427
646960
1144
1146
80303
3769
4759
6295
54576
54575
54600
54577
54579
54657
54659
414061
54658
79054
6694
2637
401036
1293
51052
375316
51540
339768
377007
389090
150681
150677
2859
653437
375318
547
189
64090
129807
5133
245938
81623
140850
245939
140881
400830
6939
85508
51378
343637
400831
642636
128646
55423
5173
7053
343641
117532
56265
128653
100288797
2797
5020
551
64096
80332
6614
116835
25876
146
23627
9770
128674
1114
54363
24141
6616
80343
56914
5126
140836
140856
57419
3642
644524
4821
5075
6754
22918
128817
140880
10047
128821
128822
1472
1469
1470
1473
92086
79953
8530
30813
245929
245930
117285
245932
245934
245936
245937
28954
84701
85366
2307
128853
164395
343702
140706
3055
284805
140732
80341
128859
359710
149954
140683
128861
92747
128864
434
57644
140873
140894
84174
2691
85449
671
3929
149685
140679
90187
11122
10110
149699
84969
78997
140902
3172
60598
140730
6406
6407
8785
11317
27296
10816
140870
100526773
57119
90199
259240
140832
259239
280664
164237
391253
7125
57468
64405
128506
3745
5740
387522
55816
140689
4159
140687
388799
23626
100462983
140690
5105
81030
128602
128611
1908
11255
140628
28231
4923
1299
128408
79444
128414
57642
1137
3785
6725
51750
8771
54345
2832
4661
7179
85319
317754
149998
64092
5651
58494
11096
2897
26285
643803
100131902
388818
643812
337963
337959
140258
337960
284827
254950
337882
337969
337970
337971
337972
337973
337974
100288287
337968
337967
337979
337966
337975
100151643
337976
337985
100288323
337978
337977
337879
337878
337880
728299
30811
56246
140290
56245
10215
116448
9992
3753
3763
10317
150084
5121
54097
89766
7032
7031
64699
53347
875
7307
1409
150094
23308
29947
326
54084
386677
386679
386682
386672
386680
386674
386675
386681
386676
353333
386678
386684
386683
353323
353332
386685
54039
10841
6285
23784
81061
150160
150165
128954
27443
83733
23617
2928
7122
2812
728229
85376
150221
440804
164592
7441
129025
23532
91227
100423062
2781
3543
29802
150248
4282
2953
653689
1652
2952
2687
135
51733
440822
129049
255349
1415
84700
23544
1414
1413
25770
129080
10633
5988
164633
150280
5008
266629
730005
9514
50487
25775
150297
10739
6527
10738
254240
8224
91464
4151
80831
10369
5816
1439
339669
164656
6753
27128
3957
8484
6663
23539
3761
200315
164668
8911
150350
9402
2847
150353
27254
150365
440829
115650
164684
1565
150372
80274
758
150379
64098
553158
23779
112885
7380
27127
10343
23209
55586
113730
644186
1375
1120
49
27255
152330
2917
51066
859
375323
151835
100526693
63924
115795
51738
491
6529
23225
152273
117248
1618
131096
151651
151649
116135
339896
131405
1233
10777
85443
3680
6331
6336
11280
165904
1524
1237
4336
25924
131375
131377
57467
152206
1582
375337
285349
10168
7123
54716
10803
10663
2829
1230
1232
729230
1234
4057
83597
79442
6997
29122
4634
5745
820
646424
285231
84126
11277
440955
339834
389118
79012
2779
10991
9254
2912
440956
401067
389123
389124
132141
118442
100526760
54106
56920
23166
3697
3699
776
55799
57408
8820
201625
1776
11102
8309
11170
55079
8618
132204
132203
132200
56999
56203
60675
23024
100288801
5449
3355
2042
285220
200959
81050
26341
403273
403274
79295
79310
403278
403277
26339
402135
2838
84692
11148
84666
50852
9626
27136
151871
55211
344805
285335
4345
151888
344807
131450
1814
7634
201633
2596
4045
941
51365
89876
8856
3081
9515
503582
51725
846
111
54763
56667
152015
28999
131669
166012
152065
166348
165721
2624
79825
2815
100534599
6010
7200
644974
256076
131873
84129
66000
8419
6578
2047
8403
51208
51146
729627
389151
389152
5948
64084
287015
92369
131890
344838
57047
389158
84107
7545
185
1360
1359
1356
116441
7104
7401
29909
9934
53829
64805
285313
344752
13
56670
344758
389170
79674
5806
6474
5918
654502
29970
29970
401097
57560
131149
6476
22865
79740
5276
151790
344657
79782
344658
57709
6514
389177
2693
83893
22871
10242
200909
170572
285242
90113
9718
94032
7066
8646
285382
197
26998
3273
3827
9370
132112
5648
6750
344892
131920
647309
344901
152138
344905
1370
131578
2814
131540
116211
5158
339983
345222
3083
133060
54360
152789
768239
94031
8532
3166
100287144
100287178
100287441
100287364
100287205
100287478
100287238
100288520
100287327
100287404
100287513
728373
728419
728386
728369
728379
728405
728393
728400
1816
116449
579
114905
952
83888
8842
9079
645104
27146
80333
57733
55203
886
401124
10744
81793
152831
55584
8929
389206
152573
389207
386617
285525
2565
2555
170712
2557
2560
201780
326340
170825
3815
3791
132954
100506564
6691
253017
2044
26228
339967
7366
7365
79799
10720
54490
7363
574537
10941
27284
1446
1447
6779
3347
3346
54959
260436
1448
85438
26952
10879
4589
258
10117
2638
213
173
5197
5196
25849
5470
4283
419
100129583
100631383
339965
10563
84779
2712
651
4825
345275
8404
1834
1758
3381
56955
84992
100996939
285513
22915
2895
474
27306
8633
5161
285555
127
124
125
126
84103
115265
51705
6870
100507096
84570
10692
345193
2028
5308
63973
7368
64579
9348
51778
2169
79625
79931
84109
132332
7222
132612
83447
57575
54510
7350
57484
166752
2996
2994
2993
64399
646603
5458
83894
166614
10586
345062
285533
6423
54798
2244
2243
2266
166863
4887
51802
6999
2891
59350
152940
56884
4886
4889
84076
23520
166655
442117
11341
9464
8001
11086
2823
132851
140458
53842
100132463
133121
391723
256309
27295
3818
2160
4543
339976
448831
153478
389257
57491
85409
340024
348932
7015
6531
170690
134111
108
134121
50834
83853
1501
1016
1010
56979
1007
81792
51289
51151
114899
153657
64902
5618
133690
133688
167127
202151
735
730
133558
729
345557
100129792
389289
2255
348980
8988
11082
3003
3001
166979
54514
79722
202309
115827
100130733
3350
401190
4064
728340
8293
8293
6606
6606
9607
167465
134288
22987
10788
2151
170591
1393
23440
29958
23743
635
7060
84654
340120
1160
134526
1404
7025
134187
153643
83890
167410
7903
133482
83942
3781
100302736
353376
1036
644100
340069
94033
133923
9627
93166
84466
613212
23305
134548
116842
497189
4762
153328
3950
57113
27039
7478
2676
26045
9963
51237
641700
84249
9542
83697
404734
56147
56146
56145
56143
56142
56141
56140
9752
56136
29930
56132
56131
56130
56129
56128
57717
56127
56125
56124
83884
56114
56112
56104
56103
56110
56102
56098
57824
57528
643226
5459
134391
9832
117156
389336
408187
153218
643394
3360
5159
1044
6534
815
345611
285641
153201
2741
56923
2890
9421
285643
6444
91937
26762
84868
153745
3702
408263
11063
100190949
1879
114898
2561
2559
2554
2566
345630
2299
133874
3937
30820
3779
30012
285588
1482
133491
1812
3274
10814
202134
253314
90249
3101
6569
345456
285596
5626
2916
9509
285679
646019
4056
255426
9945
92304
2324
134083
79908
10917
153579
26693
285659
3662
135458
2295
222826
404220
51299
2162
9450
285782
63915
4117
9247
54898
405754
100113407
221687
401236
3400
5617
154150
140767
51473
353219
9856
10590
10050
6568
10786
10246
696
94026
81697
26212
257202
2880
26692
442184
442186
26707
442191
81696
81797
26529
26531
442194
26716
116511
10537
7932
4340
135644
10107
89870
202658
79897
389376
100507679
170680
401250
7919
4049
7940
259197
199
259215
58530
4439
401251
100293534
720
721
1589
80864
6048
4855
56244
3122
3127
3123
3117
3117
3120
3109
3111
3113
117283
4295
2914
100529239
29993
6954
222663
7287
389383
340204
1208
222662
116369
285848
222659
401258
57699
221476
1769
2740
89822
83795
23500
57497
222642
79865
285852
9436
5225
2978
5961
171558
27232
84630
10864
401262
221421
11131
441151
202500
221409
53405
10231
100287718
4224
221391
389396
6005
7180
10321
5232
167
245928
245927
245913
245915
83741
7021
5314
2939
2938
221357
2940
8521
27283
3062
389400
54511
653
202559
51557
1310
1297
135152
22999
100129128
340168
154288
441161
55510
27145
3617
167681
9892
134701
3354
1081
375519
81833
1268
135295
2569
2570
84694
2045
10690
9457
114792
5454
59336
84539
6492
389421
256380
7101
2830
728464
8528
85413
117247
442247
222537
1300
221303
222545
222546
245806
222553
5350
2173
134829
10345
154215
84870
9729
352999
387357
253582
154075
114801
100507203
383
5169
79541
643854
134860
83551
319100
9038
9287
134864
55350
8875
6943
4602
27115
340146
167826
59351
167838
4829
153918
2911
79747
387082
340152
80129
80177
7432
4988
49861
50508
84624
154197
4142
6582
4018
5340
135138
168090
10846
285800
1235
2853
401285
54346
83887
100128124
3834
79981
6991
3125
3126
54905
340260
392617
155185
55698
56903
221938
654231
728194
222967
100310846
340267
30010
1607
4223
25928
100506049
155465
221823
222894
256130
340273
56164
4852
64111
3203
3204
3205
3206
3207
3209
2128
9865
1395
11185
358
2692
117
63974
10842
5137
387129
57057
313
51314
6424
273
11281
23072
64951
100534592
58498
2645
816
29881
64005
10268
3484
401335
256979
168448
375567
11055
10320
1644
285877
222008
90827
441234
730291
168417
83698
378108
135892
8468
8326
51085
1365
2006
389524
375593
378108
442590
6369
10875
346562
3082
223117
2913
5244
5243
154661
53616
219578
401387
257415
253012
799
2792
55607
5444
51666
1750
6863
4951
168620
4885
222865
26024
1551
1576
64816
81392
349149
29992
51412
2056
7455
10071
140453
7425
375607
346606
136227
93408
729597
441273
10156
246721
222235
375611
5649
375612
222256
5294
5577
2845
1811
154907
54674
5506
7472
136991
56311
3751
79974
51384
389549
168433
378925
50833
6561
154865
142685
442721
6677
730130
2918
29999
5078
84691
611
100287482
1358
1357
114960
136259
340351
346673
26266
389558
136319
1129
5764
9162
6718
136306
155006
154790
401409
100507421
494551
50831
50832
136242
130075
23601
5726
136541
100463482
5644
55503
56302
3792
135924
346517
259285
259286
1180
338398
259287
135948
26211
135946
393046
392138
346525
442361
135941
100128553
402317
346528
401427
135935
202865
5919
155038
168537
55303
474344
26157
100527949
170575
55340
28959
55365
3757
2636
136371
349136
155051
168391
1804
3361
2020
285888
6469
3110
7434
441308
9228
64478
285
389610
1671
1669
1667
728358
1668
1670
392188
100131980
1673
55894
55894
10407
503618
140596
245909
503841
245908
245908
245910
245910
653423
1673
100132396
392188
645836
203074
94137
203076
83650
640
2626
613210
613209
613211
728957
392197
377630
137868
4481
26281
5157
2267
10
4023
6570
2675
9046
8822
6440
55124
157310
137814
27299
8756
64641
10687
148
81551
1135
286133
389643
5368
619373
100507341
29942
78986
137970
157855
137362
155
389649
203100
8749
2515
169355
79698
157848
27121
1142
8973
340441
54212
137902
9705
2831
4986
64321
114786
4342
5179
1581
9760
767
157807
286183
7274
27319
85479
84675
1392
100533105
23678
100129654
286187
80243
81796
63978
157869
51050
3174
11075
5375
646480
2167
646486
347051
138046
759
761
85481
245972
157724
54714
168975
138009
4325
64168
862
1015
100861412
392255
3788
26166
286151
169166
4956
79870
81501
1807
23414
137735
284
340419
7201
93035
27012
441376
169026
10584
5168
7373
340359
312
114
729330
10086
137835
6503
51059
51305
2843
389690
23237
57152
137797
2765
1584
1585
4062
338328
389692
100130274
375686
83482
441381
1761
58524
169522
11172
3641
6013
2315
89882
7306
9350
158326
100129385
54796
6456
92949
25769
3456
3467
3452
3441
3444
3446
3449
3451
3448
3442
3443
3447
3440
3445
3439
100129669
64922
7010
54586
56832
158038
138474
401498
27290
364
84688
27019
375704
1271
138715
10850
6363
6366
259308
138724
730112
27240
392307
392309
56656
881
5079
22844
347252
647060
727830
727905
26165
349334
112267859
389730
728577
84210
653404
653427
445571
286380
5239
169693
5568
138255
80036
138240
117531
6096
158471
442425
9630
389761
389762
389763
4915
389766
286234
441452
645961
158046
54769
4920
4969
4958
54829
203328
445577
56033
8789
2203
7111
55363
1306
8013
100526694
8577
229
116443
5535
1539
138805
138804
138803
138802
138799
392376
286362
286365
55335
6887
10880
10881
23732
255220
4593
26248
552891
2790
57864
138065
259
5004
5005
944
254956
347168
26740
26219
138883
138882
138881
158131
347169
26737
26735
254973
392390
392391
392392
286204
9355
2516
401551
158248
375759
51450
59335
347148
10319
84628
56751
8328
29989
9719
642968
1621
1757
2220
2219
10439
157927
3933
29991
5047
360203
392399
402381
57582
8022
158055
414332
158062
138307
389812
733
286256
5730
401562
401563
2529
389816
142680
401565
377841
774
6473
64109
1438
286530
438
8908
347527
416
51481
26609
51480
425054
171482
171483
395
265
9758
51284
51311
171484
92552
2742
140456
660
2925
795
10742
139105
6247
5475
389840
22866
257240
23676
168400
139411
170302
286514
158809
347541
347442
139422
139425
4113
4114
4115
4112
190
80231
53940
158724
170062
139604
442444
1536
5009
347411
60506
2857
27197
4693
63904
9104
7712
5199
389852
729201
6758
6756
10214
548313
6759
392465
2623
3266
6855
778
102724473
26749
645051
729428
645037
2574
100132399
729431
729442
729422
2576
2543
8712
9506
8852
139189
9210
728239
81557
9502
653067
653220
280658
6757
727837
494197
170627
170626
29057
347365
5207
212
389860
203569
100463488
90737
139793
139628
54466
142689
11326
367
9754
158835
139562
347516
158833
5030
407
56159
84889
158830
2705
2833
100130361
100132994
340527
4435
63947
728656
645974
340529
1046
389874
158866
139599
8823
441531
10800
2846
27334
84636
50945
5456
1538
340562
117154
53336
90316
140886
27328
286499
29935
57526
64102
27035
402415
392509
1821
695
100529097
3188
55998
84460
140597
158931
340542
56001
728343
11013
114928
80823
282808
55859
56000
340543
203562
5354
51209
644353
80712
56157
203447
6906
92129
9075
139212
56156
8471
2986
91851
827
1641
7224
100329135
340596
3358
57631
139804
51213
186
170261
57481
347454
158798
727940
84528
158800
55026
23439
643311
728042
728082
728096
728036
255313
100507170
728090
728049
728072
728075
255313
653282
2892
4068
10178
340578
139170
139741
7512
54440
9363
139760
158763
3547
347468
90167
83844
51270
2719
541466
728911
441519
441521
541465
55511
680
959
83550
7547
2258
2158
347487
6658
728695
64663
728712
30014
64648
139081
9947
51438
441525
139067
139065
494119
389898
494118
84631
100129239
100133053
158521
2334
728269
4108
100130086
100506164
4110
4107
9248
139135
79057
89885
1260
4103
100533997
4109
2556
55879
4105
389903
4101
266740
4111
158511
4102
114824
29944
84968
4100
139735
633
492
57595
554
5956
728458
2652
1527
8277
246100
1485
30848
100132963
474384
474383
116442
6736
6192
7544
90655
83259
64591
266
90665
728395
728403
728137
7258
8287
8653
7404
9087
353513
9084
22829
9082
353515
203611
9426
159119
86614
8284
9086
140032
378948
5940
378950
378949
442862
9081
159163
378951
442868
442867
9083
1617
57135
57054
57055
253175
9085